100
1
931704639631190411
729071200395666527
128212483545536145
334781362321777651
315306309504306477
156200000000000000
525256398681489734
707512671619409467
733147351639691366
562109327960212879
981001552405167538
410128033153925429
736730657490733521
465330694773520317
869625588761620397
705815894924319347
855111559144691373
767750749160569622
597089452843826180
542964068260705574
753586443460651563
220446141302764573
700305755303194719
64745173629734731
289189388924111543
522642862313169136
759537243613931839
267492542800261093
389941640838447600
550618203337861470
519350954688755378
830009171030239704
513226984469503892
712995792239733086
347310848670611994
588442519469487963
788720959847586983
190979791456050856
622006701923361034
54302502729076980
143763241899092991
679659545282263077
668428464791912363
471808859339342819
555846107986165087
534960659744709289
116852195877205866
208125623332424924
550799584716903984
555932167675693886
468984143353704790
733292367648248828
299978740986709344
181500749354886689
567504648527738831
551496505912012661
483069712038364976
817254186139388592
912338300316739408
11969456030800996
536769907676647365
345458634742371864
774874462365021816
601585707376545143
15564208052603532
207681371891980
765894018638361438
373168473945305248
278497798830508502
426660279673409530
706636108950783200
563706991159935651
682498962355694876
240258818077976320
469886847947489931
244662508355125847
494330162412607381
292615552714524620
140884515545036697
346409510822669595
519830869195004241
272758621149091805
686366481688247164
612544513048890282
653322470735603172
129307837619615130
376255621190025157
692056369823440209
599373144306343561
660463659043244280
828680659794220044
794251841605357450
651086192623489462
275559211498799165
198230698044262142
427570690722651511
13282334862527787
852621144811387721
1000000000000000000
