10000 7898 12344
458954
667671
170616
762425
748530
873468
694560
419647
153600
673122
90035
675905
973906
56090
435198
172548
590807
143021
629012
122774
402466
388454
959967
259433
299463
711949
187188
570037
940728
174419
593007
70012
576892
90769
609440
675383
881697
469907
146414
770023
548590
391640
225156
227789
452465
554320
44054
494587
881388
264096
526089
291589
47037
992689
161280
744006
76020
263543
962492
524606
596160
271110
929204
716770
458380
168345
179042
398357
283704
916539
244029
168486
15662
683164
403701
763583
793117
440367
747754
290644
39466
731008
897590
788947
235579
553892
774524
519734
675891
977458
37433
129021
855747
140512
86285
492265
956003
807301
871686
386814
111989
654997
452809
624118
255751
367842
289370
736443
391366
372131
805704
453168
964144
995336
673791
380015
82355
856121
136221
645084
839289
99133
847211
140778
222899
654179
212628
763548
746103
467982
328519
800511
887956
475487
606812
400083
382571
195395
875948
94133
354476
411940
397019
5865
483727
415910
895016
292538
428228
820926
503198
893991
135674
947150
354619
35623
565617
465265
306729
253384
914635
818357
274099
149279
707296
693406
566522
386574
923377
773888
945097
155896
882688
417615
857341
586702
579825
528533
38263
867278
470994
4699
896708
792939
944953
824622
516414
684314
63017
884614
18468
142758
394883
987084
736776
794429
805649
423091
593610
399887
49700
415629
702275
523872
703013
504935
89680
682708
84060
94810
872134
983359
602840
274151
251486
639744
426275
404458
868978
19466
145223
664064
929038
398972
730762
740250
354251
383983
591216
271142
972844
957098
753085
963085
197029
262837
185124
953279
644355
261623
428564
275704
894897
261158
200182
527790
502028
345747
447388
707024
396571
275634
397202
452049
92087
536791
220454
700083
254442
526311
777632
435198
318571
856689
909994
922420
637229
756858
928310
365184
248065
202717
755786
490393
609488
529783
672894
636205
365866
427424
215795
571756
342849
785571
288575
414056
778192
221939
966593
259420
688152
147937
228894
201184
888317
315333
183776
631143
22906
437241
458456
411232
944522
393764
960772
929194
773523
532977
957181
65718
338600
348911
347096
323255
937099
104905
159262
666063
944955
443236
608370
488729
952216
230566
772375
206799
638643
433600
632245
282349
716167
428041
896458
688918
6469
650566
532604
290946
407111
279214
470315
866463
236289
858151
584493
69927
264214
82884
735734
928652
684083
461108
564271
468214
714243
243649
664286
63444
880409
921523
667343
471561
461022
551326
485348
425189
322765
10948
223379
509968
395888
110889
700620
12475
724863
94269
467674
70054
897517
250902
298543
832525
467868
149843
245881
773701
999028
646018
571539
388095
479110
113291
868747
395976
561376
836354
830757
282316
517010
579443
695596
877853
356671
240379
278224
179199
862693
492506
856822
422236
882106
714194
738418
680574
556473
357007
385864
446972
234897
710457
420200
3392
340850
600758
842181
742264
692094
722455
102945
781694
687175
510065
685104
404289
712684
858014
998889
803279
186093
365713
966928
548505
336294
976943
351270
258329
861356
968181
545181
35354
649373
295356
377605
238078
236256
695482
427813
36683
764014
49400
350146
178918
84478
681849
481505
88365
691681
745724
171844
663602
648237
39284
150452
79380
816376
131888
567028
941767
301518
404540
923521
494460
987394
164661
808571
657649
321920
508231
84436
806954
685777
778977
766048
667202
523131
93656
289146
511110
859572
967211
288197
694711
795068
86399
68113
75052
383685
822511
525654
221012
743575
677198
121504
54692
217170
512153
304488
282376
63737
236362
624513
101096
388984
235963
767335
853512
368280
744502
712394
916807
111647
175795
271754
976460
364864
463221
620889
959442
572073
474760
501680
989583
447835
335344
453614
172973
597859
854442
371045
465305
678632
845368
437872
407070
350750
168606
349164
456657
54131
920378
189144
673193
496732
464573
657504
127624
102546
621505
320764
748582
88488
878674
321788
226975
319650
693021
891238
391367
132563
513439
890454
653696
643927
281269
343831
322719
573968
690042
318079
776690
133797
749213
912104
302549
149669
791517
299504
44110
290010
810360
606372
433072
204284
611516
701536
951793
154229
431895
934317
896213
598359
193450
842027
158225
124422
50200
47593
179879
880906
514616
207597
161296
795944
348177
41917
114515
100377
724830
686025
482417
59523
914278
70095
174228
438554
971306
277813
622302
66398
57900
914259
480573
825814
646079
779602
846757
740167
399673
795052
480899
888032
219279
320270
623153
779445
404230
812015
574988
807338
825146
182589
725661
738142
661114
642702
572698
955293
462721
945240
49309
726926
558439
490836
257633
764550
192303
126696
687770
475650
640699
938682
513636
330842
939051
911793
412048
380747
799335
82743
473703
294596
891129
810658
37233
743230
729102
443359
400070
519584
369546
296209
257679
922380
929097
924866
108898
980023
975152
306844
317841
138359
231604
326574
139762
579174
47766
699763
751278
944560
410041
849229
488205
188345
672289
345215
321285
726892
192570
311932
271465
870374
390181
733129
101598
610304
169382
19476
889249
404286
779701
782286
149771
255466
238621
173626
779706
36567
34937
18430
243766
779263
287446
902667
772681
292497
755867
466190
581134
828699
31113
801192
116784
166967
909203
187850
250878
8289
512376
204958
125843
695927
147295
308930
593001
586860
436390
829688
579247
572748
175800
755528
695055
423622
599525
114264
24785
658008
709350
497786
496034
368226
462613
949523
363925
791889
658831
600237
887523
164292
935211
705915
503371
692377
290493
113793
723437
860065
191922
929202
566076
14067
842960
590190
498007
586377
778907
535244
722267
630467
218218
693571
505919
86121
318232
432648
110385
640614
617618
797753
379587
466694
856245
291702
615608
874933
276816
763114
156461
531211
877212
903822
643825
638373
869590
25794
732179
294411
1106
543954
237055
526133
722112
154427
299414
343011
219927
27699
260518
381471
557056
758357
579922
478408
118734
442258
82586
314478
273032
51825
874542
866587
682958
35811
962369
921935
284612
986038
836349
751894
664327
215438
799148
803648
797071
491877
127484
839954
841672
79924
227049
698294
875809
984358
96673
702191
135806
510922
525838
627232
716626
801712
106260
292237
616142
248725
757026
479894
626106
699414
113880
553908
52463
370413
145541
311322
452588
668804
701607
865843
145817
788632
115747
450730
497477
595674
26217
169759
32309
585973
629794
534073
358056
924443
219770
544505
315581
399136
200609
55362
884032
530400
171725
11360
474442
632547
728993
185518
236102
578055
219576
688945
795130
643137
255036
502839
296271
563538
429273
587916
104372
731179
724059
363209
837907
210573
372012
398681
74979
328441
33087
497015
725909
573305
527955
55753
239153
185361
338210
183365
339700
585049
719148
290766
582672
229275
207022
123273
590249
548571
536175
709071
135223
967950
294803
240399
999284
970724
656595
632585
763600
623178
17564
351805
575799
834345
733586
407167
28421
248704
519509
266608
666472
898891
874595
694688
861780
485683
403483
488370
93055
520690
745358
809535
151827
275145
906568
493306
996074
78090
225901
922331
673637
129780
77973
100227
528734
638154
426463
376424
610884
399345
41398
839229
385430
601485
695416
452825
723762
888783
706007
514261
249991
372531
95286
183136
779141
344595
88338
414550
733749
288443
986205
398969
789640
403186
635218
662463
560169
114265
884009
612863
960645
69041
681221
353158
13397
450274
529905
202149
591256
306904
704204
744135
528077
485929
46594
277070
135142
903026
647178
640837
701207
928352
469020
743352
546354
293143
325114
330738
606024
386040
648733
820202
978225
980650
967430
252768
369116
625279
10704
140558
705653
866782
357770
880135
985830
168841
142523
310040
933870
711912
725235
976518
936918
45664
370202
494317
376126
758274
680629
932303
13841
681947
67420
953852
413300
83559
39454
946696
908607
258013
107065
893543
21723
799260
241768
83708
782184
47144
976181
92947
762625
945979
866189
754614
438792
442207
47370
895872
537527
690230
210936
276704
36857
356732
269904
55264
69571
562901
986984
989323
973246
106006
280724
498360
419946
111366
976218
836395
222016
386283
967578
60453
819805
90623
973491
250571
99442
942904
583922
305045
999209
597688
467485
696095
177197
281679
255084
132979
200630
36353
174066
820954
82092
926706
630989
283581
660631
747849
39006
612513
836131
58170
123495
303890
132591
661507
335689
474835
441677
707298
582977
622318
890734
78533
166376
473765
843298
639956
519271
323746
153586
719129
855200
188360
812686
579286
888107
267836
358197
188161
265680
20204
284526
881894
697259
5728
68623
170839
333769
829560
95722
322031
711290
912531
176553
965057
856528
909023
392694
840398
363970
784869
177566
13513
415506
948212
287945
850883
582933
182316
260522
166085
690406
228225
533741
949933
562324
817362
210712
588898
316927
819763
588110
227329
515315
670473
481524
621541
112594
129199
4777
343134
807015
127010
434392
596010
286188
551397
811385
43868
198243
828784
779925
699048
82656
462903
349307
155888
544560
191875
799846
322012
983924
390025
534369
41900
96482
576880
607171
707706
269438
345335
327714
150441
286459
657791
12748
942645
745034
478478
3012
273698
716579
256775
730768
122349
416550
674818
858373
104394
273933
131759
198133
780559
836199
439679
714311
221139
809232
877216
782670
264733
950589
765518
873339
515576
158784
154134
998855
613284
619029
977318
143551
773138
811674
451688
451864
200167
445417
2956
657001
446826
174080
352701
482827
702054
954216
411132
991389
949434
329834
911547
55874
498812
681936
507721
608305
284796
400644
309467
2951
986635
870239
478958
394797
529236
130606
757775
333694
722921
301137
390201
512254
677958
516749
228926
842508
194459
153015
119300
346235
351974
75177
610521
154347
203983
953751
281275
13583
23803
683514
758558
469452
440603
209799
550352
83283
438047
355985
411531
165800
887625
841875
544070
360284
937295
480341
982486
853652
823329
334359
330404
395602
304934
654273
911121
545429
973162
454565
25356
559039
611058
781665
934882
979489
441570
610595
424647
581942
97218
509184
634079
933614
600301
259477
134692
236171
841769
364244
140157
231554
678773
504556
185825
9093
788867
160123
407600
826480
18576
974311
107819
157464
124020
79164
1624
899906
156798
139872
292785
401535
191406
885834
588137
60942
72849
107417
366644
744495
934440
608387
493492
823029
677426
418289
989770
298070
456317
109020
868869
243641
216047
449838
46928
991572
28004
76749
224491
647105
955906
733485
298537
707866
773808
68831
325036
227029
319687
531056
630184
584377
882101
107802
293286
302212
933493
728487
215879
701623
72770
445442
243618
135326
740109
438051
202030
626982
119946
365298
819216
852139
689486
283617
968407
776026
197107
701585
557136
48657
43146
866387
533621
355046
939738
932718
643091
435856
298160
712288
993433
371830
42242
161938
504499
164180
498008
478012
604839
162861
584192
305584
596624
971970
653115
73764
889308
293212
342194
876701
976021
511247
760315
924989
820480
795125
900829
397024
19677
395789
16765
914720
60593
542626
72719
897802
470074
960489
314941
287214
538546
258379
194365
959991
176051
448557
358859
501022
55478
6573
23612
583001
576329
725421
120417
444783
769576
959648
40852
317681
421638
669513
392234
785255
311181
192989
643390
420209
385445
559576
417264
277445
48296
943113
615469
991806
131814
861105
487135
65329
672120
693174
958938
250385
477466
493047
312253
100670
240746
992875
414454
629516
57008
23114
126079
46661
346511
577464
541909
573549
421520
207289
798172
906150
555987
50868
132004
926249
852333
424132
128898
876600
678181
41290
195501
653334
641864
950730
536204
867091
43858
203783
107005
307793
359924
649146
131383
543394
187231
353760
202821
881981
187073
825859
896437
668583
710048
973861
179098
20388
767396
842038
344547
150751
564275
464823
827583
497996
9377
624837
717079
902435
895429
70080
438493
198509
946168
927531
74812
281155
269573
729097
477315
895009
996420
269009
914672
437525
577785
651303
173994
279731
11632
219899
543498
906323
515447
337594
30156
17676
398661
223898
295697
930876
699912
724327
657066
976664
183931
773101
841547
363077
385250
629124
972891
720441
655839
356315
24904
169719
771878
222361
63194
908875
517910
305120
325636
43939
110455
762881
168825
723364
569149
461160
286678
353743
583801
494706
520721
346327
92643
288999
871074
455598
639376
35740
443776
373965
954311
400913
203978
740894
735391
946563
592235
901869
879620
313142
457197
682354
700977
328933
753667
636573
584095
637381
358084
609984
421899
782377
907961
577391
803180
753030
918619
772664
249881
337429
169304
463826
885100
801433
76127
573369
791841
902814
579523
817573
531755
232907
987512
177037
907613
848091
759998
56216
342576
496298
722632
111008
308950
36393
93994
208839
615765
685712
314570
304700
881150
93482
852825
723912
536689
561154
653063
529376
712658
601523
976873
108401
570354
941283
488027
463884
200005
382522
769196
21421
170790
948772
491979
476006
317230
641109
399400
66927
549396
448748
969959
367688
467329
647597
393884
918494
144996
787738
168649
738705
393412
282165
412734
449491
414107
547740
368071
672602
134679
391457
184410
480772
731070
567732
168684
114061
211191
159333
777003
290953
211925
613011
42894
163020
666080
694054
586375
78709
977072
783317
393329
254351
267598
62170
685130
822705
44915
11847
894933
987627
946811
719273
978800
218732
565468
466246
266165
316575
310123
462243
799007
835084
71663
311449
639331
218391
270121
197888
369953
317219
917663
646469
234412
446839
447694
869232
82237
579618
933325
651187
29326
989461
530406
203701
508019
510191
582203
434070
828058
577531
124138
698336
552520
452223
420981
545216
137891
370139
9448
566187
284126
939453
998290
268934
666098
156670
8331
156543
498669
364390
405307
511090
56095
484779
224774
934703
494171
668948
7747
289882
460260
919108
769831
531080
555029
566018
265034
711779
403937
268014
786909
542816
529785
960100
616221
902285
107716
337969
658482
759464
261027
389406
530846
153371
119373
145706
792448
928903
455079
283918
473322
295407
59313
552401
33694
428355
33575
115988
25837
589852
203200
821922
833968
133014
291137
870987
876345
758476
461856
982786
526532
621845
827963
194158
162188
28500
489507
308521
163703
174771
823494
655940
902391
292463
32288
139446
193680
654166
179346
769552
367892
680702
694347
727091
485559
992586
315448
942261
114443
665967
546767
204674
2472
61669
277811
650291
157289
212022
140787
897156
524291
518398
841697
968852
171309
133070
889839
648203
411582
629356
672545
183163
757993
14574
467195
158933
674797
897728
251734
19527
176123
303884
841165
78135
209784
231493
245799
166684
70220
522492
811930
658464
91464
771273
990216
565740
182270
975959
912816
644303
421108
196219
293258
80696
447283
872374
623873
880044
330456
695049
70109
254185
559892
629837
271107
416279
863209
124703
809365
576616
205967
235342
873019
370083
815035
702319
725210
301778
974529
221090
837754
246539
573570
900818
44242
59422
770899
416509
367891
413134
468349
900217
143644
753347
305979
389842
838360
473651
650748
433672
316251
519497
907552
798787
473412
393349
917496
456748
58743
436465
554399
649034
793469
724909
237773
152032
873175
519011
887271
535570
227759
215168
175969
186296
750389
400365
777694
269504
984088
910203
325596
388596
797263
968974
247543
625967
753454
767002
764440
515248
791416
212473
702140
453831
354041
649165
557278
759114
104734
900564
39531
113704
363184
363822
413621
226172
498294
72750
538879
60027
343579
655922
530527
798223
403781
104164
957344
768657
448698
925856
175421
476978
731580
336787
180215
207634
73909
538121
34601
875299
322848
201214
608936
933238
218199
878144
61907
144538
99847
235778
689375
148389
402529
825996
545235
385696
312186
590596
335162
719329
360276
317273
586664
732570
848408
498291
955482
20019
671631
840878
720639
9376
998794
339709
49687
675585
103509
42350
414102
648646
108632
195249
171103
820924
54377
32049
201400
91943
698233
454894
904656
86549
706059
478453
575461
254691
800599
8768
302904
113584
87325
289325
891078
425570
341680
339163
684503
470896
13644
376713
245866
495386
411638
845893
469698
711129
298193
951125
129831
905838
400500
312336
554766
940804
763367
611607
118894
977716
728009
972239
298718
486377
536039
916771
418516
316248
106579
189372
295718
413976
291882
818025
168919
945560
587836
273160
845708
998329
133025
747721
650165
648695
648048
626743
456269
747174
343217
695545
847794
972108
522337
291151
205300
319513
763989
310360
204932
948168
617877
183292
219106
673336
675108
472838
768838
461837
987321
847128
340255
671115
983816
5783
395953
227742
553181
795690
805111
550414
726827
621923
161949
535143
103369
118772
699893
996698
285818
975319
370885
532845
264146
117828
293650
420127
30376
996834
626212
1045
57159
772150
470203
79183
918685
622587
432337
913435
493562
113305
317002
12853
12289
32040
552272
872859
651081
647326
314662
922554
698767
364611
504296
14444
711139
451149
671710
146877
237426
766675
233198
495117
303074
431250
467708
83561
143939
126845
121387
473501
83092
724499
865408
405999
327597
409233
708016
341898
392884
463724
956912
574130
889281
742251
313210
294581
126865
703804
799277
680144
509806
113242
724124
140226
583113
325788
893149
891306
584971
190342
403994
53322
360688
209568
365192
868250
89085
640732
25270
988861
882081
134493
618107
777844
579371
79825
670664
480158
580852
420108
924838
445035
697071
505627
989989
577
803014
602827
18253
650435
700943
957247
418972
821807
13297
864572
118105
459086
996229
318575
104413
461662
160279
942127
305821
294715
546282
243602
787727
705191
573361
979381
11037
236197
339152
522347
661471
925089
972396
34660
444256
137145
467914
787884
163862
696270
37794
15468
456710
411069
600981
899936
581347
464655
701076
550435
508917
773518
562125
439804
45411
926019
262092
152770
735773
474458
849344
686032
3133
93430
637329
912111
444244
12499
440783
851195
478548
731228
933098
672681
514613
176676
757563
370101
117754
497388
861271
289855
737677
117123
495422
993088
653322
982396
803957
981386
799142
43476
419427
180657
496665
3053
918340
447342
703281
438181
609803
634420
835668
396796
241054
179689
572213
415788
575303
850416
41511
141873
322204
109857
349187
665184
434734
750913
391525
215707
783723
557541
787879
774578
273166
689791
305232
421245
387954
581168
621148
796559
911125
307243
715592
906270
239171
981519
718435
357845
292192
863384
534936
325285
27574
697588
718675
629359
575413
414448
585504
309430
236456
592811
826852
201275
562050
501287
419507
16916
100796
592995
521085
670308
100775
104753
546946
405156
721257
549465
987449
185409
809612
566878
465611
178776
488732
824702
881643
965289
456587
416829
690682
492439
544088
292484
341923
393213
754926
912608
499646
561488
471532
276943
215059
232903
807962
87008
918357
585570
43801
350071
615575
579219
78249
388002
366081
845465
630695
49734
609578
370309
122570
280206
976611
459358
931229
771708
326611
25832
688508
882149
3901
424995
295851
875948
419566
819934
594515
94916
840627
728247
187833
269036
643352
504452
953350
928070
466049
633902
329715
958304
301094
823617
275902
743571
769700
178113
813504
392812
455904
91015
311660
469641
80628
565317
8226
92439
244137
268159
354365
669264
934492
112401
282930
766743
924361
375069
872010
382151
775872
441860
761772
334588
811395
61171
606858
306016
767616
581994
791630
398631
87545
586408
424828
506289
576913
770978
136285
344795
710672
869451
18239
856998
961148
500563
399932
124767
70353
959639
748535
649891
625318
87050
880815
167060
725763
75934
750630
545073
551432
44608
384776
221157
668141
1725
224982
881134
289605
451394
116023
987552
269123
890688
853479
771587
720290
563920
590807
744989
7604
699226
262600
927781
542098
164893
889357
947512
388057
624607
727580
392304
798561
875434
619950
932483
442511
941288
547437
78141
362874
327713
101115
613712
859106
723396
813497
884210
40083
826832
438951
450731
4193
622770
954209
250513
338182
129897
556971
901575
960941
980013
810305
475074
630112
838305
239305
194734
4655
933638
922184
156094
631304
897313
109831
577208
454032
453848
251967
605900
746497
566792
373808
284413
330130
310458
536749
94006
616384
728417
653309
558927
325130
21500
537958
697438
246673
736866
388623
715619
859816
601244
924623
271582
900597
442637
75273
451218
930653
685973
441208
519744
405937
516931
687439
618212
881289
481863
137610
260611
374374
344779
465877
191356
544428
310387
49977
216593
802133
767087
265788
398042
145969
253628
603144
496055
358907
860927
226675
692916
220055
363975
107994
44339
524515
635491
692575
867740
345658
714308
274213
19300
152450
274412
303021
684832
195214
824706
48547
280448
436162
767030
284678
121737
228183
458183
300738
199091
959842
53306
816772
266928
747471
567633
41794
819847
748608
20425
978222
607850
278588
223489
17576
207425
868386
524835
171051
294365
788674
415678
259814
971271
542647
309924
980122
542048
253371
917391
405424
124296
471319
59093
801308
378886
844505
990345
203299
697420
666358
934655
209314
730635
336496
237139
308857
721232
721826
102903
571339
18019
939021
761098
137158
366185
653589
904787
439640
377516
424812
440236
518597
422271
657151
30014
372208
56622
665299
242718
448368
11584
542889
666114
546056
960477
288307
761497
970288
172291
28370
382120
769996
529856
434732
918367
578309
124696
435049
775388
994397
200898
601874
765324
841624
542652
812076
532163
642737
975773
983447
116590
554336
503100
604219
249934
534396
464224
733328
612526
926716
841541
27934
959210
890567
735336
782926
834247
303244
865946
579023
875146
423675
321664
228574
802905
834827
338670
674330
17680
271610
955386
400590
465613
14449
209908
570311
261551
482440
556843
421437
789729
286913
293119
595617
374390
345096
800414
185102
138750
256307
691126
583594
771685
218993
647557
581807
34965
673954
6112
188357
741159
38908
591472
352557
998329
122197
862369
387043
298577
208924
93378
661625
448063
222098
817707
638054
497506
779280
642563
366664
664015
456855
682507
10639
620775
690426
511217
566578
578836
468882
318967
404279
954974
15710
24150
192266
224431
617835
961466
369684
267609
427064
32814
100409
575440
856986
240713
960050
766636
443779
63476
366419
391138
344095
590187
601895
593553
703176
768927
67373
837132
89144
298416
471519
661603
527882
388882
649560
413004
21585
558566
802943
896196
130610
457636
957916
344482
723135
852099
892836
335539
780085
69809
778160
978495
550685
387765
590334
465105
397016
674943
366317
197113
712884
234836
412882
753415
843267
986156
727059
777098
815782
959971
672605
985781
881930
404621
97879
877418
931915
257709
397063
980422
728315
138074
2870
213460
985887
379821
407354
888507
410448
623062
920755
181483
951711
650631
666632
886627
301150
890666
294148
724953
739502
698408
326637
780216
85558
368166
650887
956895
4096
170368
189568
257784
928231
583756
348437
788234
943485
550356
792429
997175
962140
485495
521578
526742
944301
350137
887130
253944
498126
149677
594505
458924
85396
959663
627804
21579
165349
639261
467778
130529
410719
815276
647306
807946
786459
465345
970433
643662
442196
644309
50001
770416
903921
896103
434358
505464
984303
575816
63617
334871
65011
755681
46555
606921
507000
99600
735838
631444
130974
880110
649057
37139
978203
256020
779589
773139
97616
737362
103519
541270
845321
928763
488262
893318
391363
61803
139736
282067
218870
742879
512883
396871
961223
27169
753490
509852
167515
647721
299115
790828
282003
397055
793893
219386
728742
613222
754307
787885
279391
563307
380611
791569
618861
181262
91609
587013
146963
294125
351761
981260
720686
21510
866454
383281
75267
314377
454560
695897
62296
987656
296673
550909
308209
941443
970804
819614
897485
264589
230373
922576
960702
826954
156933
588968
815181
63301
815240
576522
916914
628512
51496
301743
309900
803612
494616
563816
820485
318525
13067
873751
429139
421315
101382
214206
647596
723705
569212
888613
626624
432931
684286
921993
350424
53572
436954
581172
903317
446062
920134
528728
142930
996029
162656
4153
1941
918790
345430
860174
37270
813557
42996
648798
702786
578881
113214
179059
928282
948310
27895
27681
552957
347111
272330
69549
575139
277716
137216
367891
164677
252768
148083
787608
310239
540273
661939
110877
917029
524348
455621
271728
182970
996123
69562
794702
721203
831477
612759
677226
854241
222565
309468
1557
902295
995532
488869
878707
419999
147085
826921
796832
449111
686106
521323
198662
889289
420968
270941
248733
251547
652656
376024
333557
397639
226607
337443
576137
77167
835558
515252
762881
320851
42172
454819
349372
618008
266796
898670
515778
775181
934293
378459
154591
866545
261831
334555
701678
19553
357875
939468
438986
654444
559735
556413
420228
93011
892857
324357
116230
530362
421290
536208
472043
312134
982583
378197
432208
57572
327232
609119
482080
904853
490858
299695
954408
782391
414048
842776
916407
285564
682646
895188
852531
98388
377335
920198
320900
530664
286820
736007
977793
880705
457109
807904
539117
305159
554779
926152
650128
130203
873202
407966
342475
557121
223137
439842
825882
559955
22207
633438
374263
528644
250222
482789
841543
947407
583828
974590
220248
70791
65292
738103
619085
47596
963767
985175
970124
9381
105868
885197
908207
695373
12054
355976
541007
805152
821145
600810
26696
891189
53310
336627
409489
740243
687220
737273
93767
328385
935959
955188
305764
200841
269484
825700
969656
565866
872907
622982
868846
55564
932967
130160
564037
643797
535997
413447
170905
722160
786924
608959
698295
915693
989679
94030
333227
994044
597973
968076
969503
760968
486720
258580
379255
243439
412715
378959
307702
310053
765651
11247
69209
83315
125062
807324
171461
162883
494427
823623
475919
638487
789433
793467
854755
219859
622189
439584
622546
707915
764293
246958
172610
429618
944525
765540
225981
396248
339074
805512
761263
681507
767729
154496
527273
223686
119534
366495
263192
687907
480606
82301
638256
170927
536528
210477
127877
997301
707625
472479
260639
815313
527900
41531
619491
604869
3136
10546
980844
486450
523160
416004
195473
276123
879083
301595
921977
670393
536188
880210
636042
59829
713897
281010
207661
687667
527132
300286
67410
813606
890442
79971
415264
513483
222118
775519
805361
213814
294837
419648
814442
348622
218203
40489
759937
45490
275784
880450
354051
5932
756229
375023
182995
313962
332030
415442
355126
659412
18107
26747
993747
311713
694578
11457
790368
705651
154300
352252
469389
109915
251874
849218
249255
969658
564872
385487
433372
964544
858047
187503
155179
317476
568859
311239
554079
511177
220700
973001
729439
191418
645765
758409
373002
676922
236484
81637
10087
45887
641994
266705
382840
956933
408092
740302
587129
790317
783663
819712
611533
635535
551892
646437
363108
968653
453256
949677
162552
262155
841684
477444
261826
741756
647702
638610
754014
855165
755561
492997
341929
387468
48988
705003
94034
236626
859840
685074
506836
276730
287217
335444
900904
956091
92508
69046
496577
407047
638550
172029
607012
921791
120353
134350
917569
524502
489644
574865
350012
660436
218705
980128
302263
310938
954174
925770
262361
769976
112924
571354
571114
348695
318991
265707
154112
698369
800552
301703
386675
311107
788762
886987
590697
86270
234424
154743
412849
263004
796436
662033
481304
508516
48799
660524
301419
714771
582455
853022
268331
985347
475862
980866
914491
452374
774760
590493
610006
255892
860424
312415
265311
904385
563546
307234
805161
590849
495124
179313
417449
32968
260809
138583
627033
60736
110719
919845
215616
284283
691025
19299
916368
305336
970248
202348
162985
526241
470592
854760
120669
93682
211375
821451
99254
46925
593592
68126
295475
519655
234231
960135
337028
842840
188758
987848
189188
278640
526832
671987
284764
664501
749290
579559
676147
534535
547927
656010
119413
974216
537084
593751
641067
734882
337581
452150
249930
373795
376059
645319
872107
464417
133989
879548
76252
490612
744590
153920
617289
274638
125090
446722
580353
230160
144827
136719
726778
275273
33469
782655
106524
606350
293271
682690
126710
645850
76984
763508
677638
450574
724734
972792
361706
762153
921280
106608
107343
756587
729272
383044
563479
549773
399438
869158
707002
580669
583703
723698
999650
424515
920417
788676
537067
608346
603774
706642
708851
472032
805801
341073
91108
930527
328260
795247
226428
181303
780055
650375
962908
967985
123505
14589
159466
624119
555632
484324
244940
753187
987557
321567
296150
333952
516519
681155
652889
937236
106700
835276
839731
438339
900239
226287
689428
77927
229025
8500
481282
210911
80305
215015
22449
623492
215236
95792
501262
86384
11979
338218
662670
144513
533326
20657
471963
993544
334550
312554
593250
370308
175071
850874
476529
543893
745660
225888
93797
32084
708314
659615
847129
522951
674797
299110
75455
257505
604132
479789
678962
949137
11741
372399
794758
927655
70445
417810
151983
800981
608343
702721
651475
863853
784150
54743
568205
344623
918669
352493
984263
465632
471678
17467
451919
894247
798520
940818
565152
420860
735233
148053
645103
360342
564035
518526
515944
283939
258377
882381
158180
818425
217839
459772
898834
26061
340996
258891
759655
594149
483449
197738
758093
834864
102318
999991
15605
683550
116005
657865
623889
450629
856614
862926
153363
855831
510821
482133
518133
63764
299195
233449
831667
674428
86000
985896
79062
857852
381752
194988
578187
414702
395265
519400
731565
755009
509849
278466
763994
328309
878754
369893
832325
606924
364168
904139
79711
633950
302314
375834
61410
83068
10095
105015
806468
73385
472349
895337
370487
104161
481085
935141
156339
804280
191097
769563
214106
324089
819740
342099
506267
158466
985054
739255
257802
175387
696439
65502
336086
913464
685946
269473
903950
280001
450682
94987
611829
408324
195730
720058
258245
881002
375273
406554
473249
194737
812001
945069
331993
520811
154551
651567
807897
133079
364913
690746
557942
23642
790448
653921
333281
693440
346472
301439
265035
921802
975083
512229
397795
155636
374038
415338
540262
777632
984121
995483
621493
654369
360527
887884
43369
492451
293639
654630
46418
463620
480087
257588
852705
104924
492615
411963
482542
884449
421626
406097
15690
61472
663571
634612
707132
954745
242803
447817
942047
594751
316536
311121
322544
118304
258902
118497
142993
525049
333583
946656
751468
717874
230650
509695
179560
309200
814486
879721
922598
328302
653360
250720
676557
189112
560241
755146
983636
755517
441847
61814
388448
258632
190059
452811
928267
602428
451720
690102
165062
861722
125469
240655
483481
873517
890217
685515
604261
809091
311033
28807
997093
419640
449062
498395
669541
135495
883033
313410
131473
3030
662700
29775
872873
703214
821296
754668
772979
689669
816124
81250
793959
851035
232798
941331
536156
349350
200329
398109
396550
933109
164026
330723
385345
550887
807140
362109
639814
154313
409035
839368
847680
355742
280373
389321
230211
894304
835607
842118
921493
443756
266
357849
51014
878539
908055
557884
362869
967079
171046
670398
839202
177246
214373
435894
431375
22408
785894
472823
138762
236254
979401
693976
502557
875899
729257
212073
318044
479891
466609
178788
996756
400144
147489
816434
630452
262205
865408
705785
419364
459715
86219
702230
185758
953525
931874
891191
896281
884511
337318
851159
407620
109815
562865
825054
843091
250845
67188
215691
253445
918837
725026
261362
828267
909093
559241
175221
236570
568919
903412
81105
218657
397571
909134
393826
23421
674361
964773
679146
750162
512775
202500
745992
85545
138021
396199
44821
42462
496170
230653
564013
193592
251899
324835
925198
389254
998496
186250
570502
402644
550597
289365
373940
135218
15127
791580
125739
927158
490990
893940
956729
873326
898471
170460
874901
74063
693230
14237
138320
906569
723470
771069
996271
488463
693353
254304
421192
487395
119791
932272
170282
11509
330799
769018
144201
633122
9340
954453
647340
997829
36419
80532
219746
492750
133267
572097
115504
608749
726097
359020
976568
243195
438598
275147
228468
292587
779159
220335
117513
238005
76880
786235
913746
618240
8736
364759
312878
201272
343722
467589
262810
908329
863051
977906
84610
137321
659051
987172
953893
215572
372132
582441
691237
75835
763852
339733
616703
963761
401959
686565
507334
697780
712101
934809
141224
453788
425384
356597
278227
67722
89715
832873
245602
78439
749882
102639
139733
373044
119483
120012
126674
17745
102555
814036
459399
264152
442419
899825
545145
865195
778517
951305
385294
671558
513069
147367
886951
688701
795039
909039
439718
804201
601203
144402
259480
788855
827501
577933
950261
456134
182937
689873
611876
364517
482827
832908
902198
117876
881997
16764
241579
644241
802730
107230
773625
555973
25290
909659
29534
613782
233210
486689
224228
40373
358615
175348
758358
552335
196198
314098
368895
942317
427530
983684
708744
646855
530507
621461
181114
145830
246976
131885
678874
256936
299319
834311
84252
63768
423777
624529
580573
456119
82161
660524
519721
228991
819279
947393
619698
201540
61102
457201
37143
725123
541723
74856
924931
937573
776613
650768
895040
529274
96775
743320
993711
8227
50802
977760
561919
879438
296475
923412
976964
284635
679626
880592
506142
938773
967593
444904
266471
457071
591348
275602
779590
206451
892496
92052
866721
347560
104209
799965
20909
262394
722992
570914
197724
995271
622034
333918
768772
932248
496113
704844
207403
168561
73045
969915
305297
346784
665086
712357
144202
504967
897690
749240
58547
803538
25860
141686
644492
740506
187763
180396
115836
681926
810548
502559
977071
320108
949498
152205
963792
126375
173338
448909
706711
126325
762984
848486
399821
725776
439457
430699
109353
264987
750438
669093
28181
699180
968986
58909
768015
474094
229430
275941
69547
798341
358576
623498
802871
564621
872571
745433
850071
54532
279636
725198
29972
677
905407
256753
311765
84488
840888
762757
267991
200824
544875
760855
844877
76259
671634
284790
322087
198052
575359
179190
879211
631828
936657
513223
289942
486201
475113
555703
38038
879926
304388
407733
591251
314278
601399
260987
453176
270070
956045
960601
642006
166486
726312
634424
861551
525673
348245
408118
714524
957750
932422
816529
55351
549735
429557
432159
827925
460166
469495
631573
751601
295961
556464
789125
983920
926142
915959
800204
986090
69985
841170
324275
584687
476346
106178
12479
984726
175774
316557
430507
862846
694769
917464
333714
371236
711055
96318
970044
19910
755700
995506
290359
468079
953933
336669
146142
787525
124181
513459
597174
123640
744854
13085
495970
958684
6632
335515
526189
216935
727868
180811
531694
400132
519829
486164
169221
991560
320755
9143
225338
585500
129907
592516
724378
528413
658523
94828
132357
724309
819259
856259
232067
457767
909629
57931
342737
616998
825075
760297
399818
399015
583544
716205
566407
177460
801168
534487
489558
332517
484031
651143
585814
626079
201795
658854
168136
359719
299996
15742
237039
804574
332848
961189
188521
603743
66703
248681
640913
83130
985956
490604
354167
398587
75685
940497
946644
988615
49470
917146
417779
412580
850496
417768
903261
772632
73001
32212
717004
96425
327065
310500
932480
173695
812527
22101
559392
426066
983903
704016
738130
160654
973860
991526
543726
928675
294217
542321
419626
694334
259373
308417
717660
296763
283538
940252
130852
827540
127108
798571
49395
264152
336608
940377
32479
18024
671899
782083
856134
438942
770738
802162
840710
331593
671681
863853
286575
882449
850124
676463
391710
251701
983042
428724
253289
460968
556577
334143
75748
303580
494048
718422
307024
599344
107056
37789
362875
776714
585960
197024
348311
895259
677497
436596
957515
130417
629482
486640
176696
762615
2308
696371
405884
127116
556128
214758
366981
690849
802773
721716
984947
922460
215248
4030
766267
204816
724571
280546
596062
924308
786681
619657
459794
747623
124882
738937
662596
495158
66949
652898
66206
173415
211568
879763
473545
976585
494397
151752
215489
315349
244415
961110
795066
776454
260480
375475
937852
161614
358058
783572
768561
671867
23134
286933
465636
445802
413287
909273
36551
551412
233361
814629
204774
858276
176470
988155
712555
654317
164011
100310
846214
777329
144661
520366
387897
332503
835769
376922
176920
511351
217560
414056
156493
733738
943269
874831
837018
585815
402662
841719
279096
714694
831298
979871
995105
493911
766071
33794
540985
100089
413969
723300
978262
153225
114933
467736
883929
396580
644351
186402
611919
102078
423612
505983
489346
243107
643310
162636
381765
331701
935857
545938
791800
529721
241825
744369
782857
585412
334678
165209
188243
246698
288623
462696
173374
31653
186354
811837
827238
360715
813947
161207
799463
332590
591505
622445
537130
279524
750489
927184
692008
510262
134741
582979
812787
182679
320627
270196
673154
110943
9356
522161
283023
297861
951661
250705
311002
41202
98065
127827
632500
997781
255307
942607
482810
691525
794633
707233
113886
741320
962510
920920
454781
529940
351107
220164
492535
663952
139888
864908
623206
454512
722282
381610
280314
251042
278990
102452
724428
618342
192310
277430
124896
258039
963021
703840
90769
7894
694210
92581
204867
829284
16761
20984
504953
72157
856059
609701
269853
904673
928504
90646
274025
427163
37246
607444
811014
307613
340173
314990
654483
48337
166400
707069
860482
927292
257040
775610
252967
100400
892833
744673
940407
250353
593351
106074
9117
584425
604761
794487
620562
443171
535969
814486
174440
331983
69595
421977
396825
507871
62854
641379
181736
798959
146976
289098
16405
974031
588367
776307
998523
67747
286494
848681
710512
422126
73885
373399
862233
550806
472053
621242
318359
443145
13618
872307
316156
316099
456678
860343
817502
1626
501020
94503
170447
156369
521579
704251
609208
849947
500101
494017
36051
751120
103088
489805
950677
680355
366316
783822
544294
955506
22686
37984
853508
347447
789456
701649
435949
59147
646933
347109
855627
64640
913718
692809
980217
826822
73188
529025
951173
834208
608808
149385
796435
993614
464399
204247
761641
156595
927689
490543
64831
819975
864587
354719
343306
291923
39035
919856
718074
151575
939211
504069
278238
454769
450159
848301
743229
866855
231930
162861
1893
858539
200169
159434
641857
522167
58642
920254
622859
181923
423117
391385
950582
77609
452924
101385
493011
171804
959062
420919
438115
79212
602684
642941
207106
645882
948557
736282
460503
965784
448808
440877
754314
515
355928
64262
599703
609689
17876
52412
80673
903763
27153
297082
435208
476554
160849
661323
632826
245465
952955
238614
887833
334783
481588
916760
895248
384224
648039
348150
505998
199372
982953
911180
933326
271772
119147
670766
298263
104239
325550
383879
799232
218409
96419
870966
319956
760986
480546
545897
571590
71883
841723
882233
145177
100161
793796
868644
784132
454117
653458
320755
835344
506837
804396
298703
300148
187714
309574
749693
399131
264227
432179
422786
603969
605704
178222
335181
847975
544975
780109
871755
993778
761934
330340
553362
558648
894684
982753
669866
724041
386723
13674
297896
801657
154809
140520
350874
723690
270882
643327
36417
87985
133988
621374
106176
132864
592344
585847
668449
261291
371560
505964
691104
197281
581591
664690
21569
552048
173451
678105
175386
377515
457602
669994
974392
870791
404430
882124
908098
43343
75340
494176
747693
481879
471251
851880
480822
708518
378794
665423
486980
958932
305781
479315
180421
827774
405969
485520
600995
996756
494621
263157
130578
677402
224798
649708
987210
772923
213100
780545
53658
590424
47769
402789
954919
474917
482835
319290
847737
820921
144092
613820
3207
37787
489803
529801
642203
931358
392950
275690
287672
489063
398519
512728
292575
777727
393350
512001
341920
249720
979853
811873
41079
676967
104236
143589
878236
514043
358402
99560
883216
977598
158871
254365
526946
781119
925849
977489
736099
712990
578057
652013
115344
289836
32568
515861
368661
975005
98989
903078
877422
977534
786134
805483
216943
858865
993250
842307
485500
409957
390469
311578
717543
270967
409636
757532
873171
978635
304740
564072
214075
717497
308395
851440
130328
957345
561304
424479
343650
418195
362963
142306
132678
649665
225610
485873
736034
248322
324491
529468
457491
12044
771932
153764
117068
437804
745023
31530
469402
341113
16289
319782
634630
401295
973189
136803
899328
475899
458189
347327
91236
374727
183951
695501
211407
299574
832964
274536
71614
446971
332398
678088
722053
687082
929012
62953
739775
595772
425480
188954
808566
156676
732794
626400
234172
96757
269099
397859
705366
455766
242333
429644
286529
879703
59674
496625
699215
853003
640942
852043
290068
791711
961039
589103
890511
914177
570308
120387
883165
689773
4693
990576
365488
266930
801488
95381
820535
135481
299278
386752
297869
335717
95483
265428
751814
783759
803795
754785
773720
385516
500577
641847
296350
204887
805776
378595
771758
478599
400470
357445
364631
535813
207583
794006
769706
547680
793014
588677
383328
601735
864658
545287
58278
744143
321762
15271
771842
583602
364054
32623
518151
321971
143661
704937
250564
684663
799970
774612
139873
534921
938452
628802
737855
360280
57070
323188
156956
832878
991747
432395
685511
554255
123071
178350
54420
739535
87713
862962
315515
101538
706900
935336
378393
786455
349510
313498
636340
40101
560730
22956
96082
177909
661000
669176
383312
912329
459151
378001
765741
30058
25851
481097
321906
97834
563301
307624
466151
289019
500313
485930
373678
726031
853194
481459
102836
768382
467868
716182
595917
952899
620534
224545
657521
702639
843319
743464
10152
106298
91963
151398
284939
879186
587017
180505
548972
191523
238351
888375
281200
297050
674390
735212
789417
902402
241313
97376
662156
435566
643237
987738
922832
384530
403331
445438
168360
313614
2995
811447
611552
606605
557296
380190
58517
807730
923033
32167
759301
487633
887646
105979
221308
259929
33009
243913
841840
205269
337991
455251
774234
100985
466987
241002
835011
512518
905416
299598
834526
84841
219845
741857
245197
345418
140283
22454
379667
710008
507739
253010
156089
941205
583488
73862
915136
855497
486713
612349
568188
46782
949948
510918
78326
544269
94020
778311
729021
302029
387454
418748
374273
831643
392584
651007
110239
690025
386437
632373
361088
70733
429752
26264
853990
347816
378903
828167
766312
427501
822908
896637
145115
446499
515427
152948
5219
543112
328662
101371
761576
647830
100856
411815
82769
466180
264855
186944
591903
739254
313914
422432
66814
486449
739805
497171
549736
380304
583440
686119
959719
649800
362177
190043
896676
769319
611022
217134
76641
700115
504654
480834
107176
67000
138843
342550
39598
421206
19381
231050
544058
517491
86306
822406
45062
344836
647619
259188
284970
876639
597327
681271
57725
430502
289044
526682
851051
5919
958415
139281
867861
13323
944090
526348
808589
467308
623879
616587
24358
928333
650997
56918
475944
881945
208672
228847
339524
511651
67514
816969
524393
939469
243393
274936
18067
330111
85998
282005
580031
422656
313545
45889
127302
219753
460216
860404
456444
970228
918921
246168
341109
345717
862419
334543
802949
12364
795395
457102
756480
680037
762606
767278
84646
225141
889616
373764
892524
73686
822856
847043
792107
503499
471958
755202
748349
394456
483706
792731
154905
567645
301477
848640
716883
407964
651478
586203
547636
202650
801980
412967
902483
884511
102126
955266
866285
980823
917045
955065
118850
950672
945800
139263
859612
833103
760984
705725
461818
399515
908188
899187
512151
549390
598064
83432
273086
189655
196476
469142
590603
41621
377245
422533
649628
630995
319292
888497
961032
484132
178064
169340
345773
470929
531021
142425
540498
626265
746025
254742
130049
113788
658656
311413
801458
136065
132390
361731
419773
283147
815563
494797
29495
866411
145764
794547
531321
386387
202989
754981
452001
598684
859752
637012
509497
746678
383616
789154
390816
12744
587326
238878
793515
818394
997681
467509
592945
756890
211806
306117
869305
742498
942941
760445
21725
975004
787848
601636
311722
469387
519099
243386
704011
640552
166905
859054
337437
830229
205827
553887
452751
909850
758949
110800
79058
326306
127943
576457
19103
753325
686894
516916
890857
538251
882280
77321
228150
544818
476766
167824
994961
647070
278593
811892
678563
200664
834675
200530
869372
907949
956945
850758
355957
179670
423237
985842
834011
179937
194500
800009
902257
173633
513129
249069
524473
736057
543103
375283
14142
190971
482864
399167
220289
773744
446354
908360
352514
126551
563702
331215
886982
21629
539815
656913
620944
222499
796035
661344
393735
542925
502769
492180
428197
599561
479361
674431
471884
484969
687587
891269
695027
189487
247426
82853
990064
869873
860848
315690
618785
996255
8958
522367
669272
119161
291250
960903
45611
887720
130998
300021
217213
853522
395198
954791
612813
134722
89479
964828
663396
715115
334253
505273
882249
607211
586465
372678
212603
997108
659032
83307
284037
686572
704358
457796
699123
350518
361892
532530
940016
895978
811886
286866
371132
261506
596394
577307
432240
658323
56083
568940
788263
369165
696465
627946
301980
343797
340333
364615
736588
668228
971513
609538
273002
991204
368904
593190
356104
681316
772542
803345
276902
281854
25191
837307
456660
68147
543571
654099
592440
86160
10741
271937
520619
664635
542628
605418
526214
436532
921845
725027
305350
872872
385030
998634
47556
153199
3145
714613
711287
815361
387028
500728
718080
796378
624971
65222
10770
369932
111602
952849
535617
291011
403672
617038
13941
391940
305326
274068
35489
218969
309051
814202
832629
199542
640366
921449
405897
982313
873063
999466
674503
617277
843189
864934
284859
659305
126655
702281
285212
324840
697
321716
231282
930428
657363
206566
760547
178010
35034
617193
681627
48414
940079
544469
336933
666149
148419
385358
513335
682501
900006
348634
262987
299850
878297
811915
941422
29007
904909
88425
781591
773933
890523
212760
275846
254975
613562
258493
784702
881818
175995
811333
10012
496834
761698
371367
332955
892119
974017
565101
616521
111965
550082
255211
41565
688937
579572
210150
833761
990294
107375
293844
750841
449555
636375
636622
697574
886381
377537
267837
292676
521039
567250
812717
731555
889914
514275
746336
312127
628468
316746
100396
822709
248443
767297
676680
23561
531102
424063
557196
229760
114456
317719
284498
428531
70067
130723
811800
15393
749496
771372
125852
668072
263165
631023
921386
586388
554521
274885
16454
975345
257096
826182
97502
535165
779779
925664
529945
532163
766568
437009
351140
308460
756250
680122
697882
93462
629937
622017
317071
462519
677924
881968
443144
188751
99829
178529
190368
425280
988518
295225
853158
269589
286912
721299
211567
76561
903059
849467
991298
766913
758552
60908
970232
165139
970919
862282
910832
249730
842589
542737
987928
979748
104425
501160
433838
824982
703196
276539
905315
171750
116787
208040
512964
400120
748024
758115
754561
832518
175662
453991
330582
266373
325604
796319
717621
773836
678383
452562
240063
151462
217742
257742
966464
389731
391291
170805
261135
863410
347125
791172
906774
634594
720006
513035
222525
534495
840258
678357
936145
307636
485522
989978
616348
797507
461186
991752
549008
236149
950207
975877
318347
421603
518045
564398
53142
183909
228030
11761
368143
257508
276888
46837
985838
99364
348530
898806
316955
979660
502807
545852
222221
91557
827766
802719
892935
607639
167378
68451
423741
574497
371634
341096
712644
160756
628882
384961
528287
71176
346051
962992
410542
698107
863846
268154
72057
34312
356399
700272
562582
84578
52304
35268
547272
247030
77184
782472
724323
504077
673730
778398
557367
318040
30305
372847
486125
608798
91136
659460
953472
684654
467410
557361
483905
559207
944500
957066
462416
520931
654140
693886
458673
489374
45755
672562
987938
822923
354082
169602
766451
757359
966757
174102
650165
674006
77029
942377
909662
332551
356936
987223
812284
60565
740387
929457
64120
285693
436524
858550
592536
388485
29571
176548
138481
738018
649001
978197
349132
988945
763004
816368
87422
471338
928857
879084
530361
998984
298711
562751
660587
761285
589203
19183
833930
988313
142454
41978
708271
208587
625984
194702
83343
362070
846466
559370
517141
798794
491530
798412
661938
245045
717914
411550
807091
491594
629788
382034
575206
940077
762103
767120
454202
175823
384198
882561
537703
817040
613286
848139
95954
596858
515981
922436
457850
837010
426731
749222
413504
126212
401213
626204
146576
96895
634553
122676
670545
848489
230766
364619
367097
262580
578805
153749
296023
432313
124876
649621
556785
605319
480463
886676
140888
717458
173049
583884
250360
658033
3449
894041
91940
104331
370157
29173
596090
520903
363517
833115
78519
220570
370444
764405
377846
366297
549738
69204
91791
856885
185963
25304
570587
213613
627339
836787
712181
23608
60249
868118
12974
401350
656800
5017
298926
885720
840601
53264
914445
764164
589470
644213
202067
137270
608110
236055
864590
701089
825451
450106
441101
377966
351166
283626
78465
102319
620640
305150
428776
974516
827591
921852
949730
654800
205959
661847
202499
319609
773821
146599
884099
957407
330328
341891
421512
543993
238517
931829
950260
575848
561271
688265
170441
448201
868909
452900
124224
820976
893602
989655
849759
867730
8029
568208
722718
892810
621536
950538
751621
479797
139895
299535
700706
79147
366021
395063
112366
564585
705377
824088
160772
981080
103051
612844
553821
418836
585162
81837
148619
655964
408665
198880
139026
458408
607736
436228
591463
538371
153257
156515
548602
149081
407656
768701
729279
693386
266418
385459
150473
937835
359685
184000
340056
717369
96545
828083
611044
229406
248580
358870
218268
152718
905079
358286
754705
783279
721746
687359
812357
890175
460811
411249
553839
345527
818169
18476
544465
506888
744620
168313
997100
372195
597184
695200
365757
578362
431085
670589
344368
161168
644493
136628
299463
740993
349492
60780
485443
327913
929182
825681
989876
157363
952293
936261
977519
713390
750205
523567
206655
124282
287182
18452
229359
161431
296047
47975
377453
995787
898432
978415
136134
457717
655088
920564
825712
35293
550008
305257
832004
189579
664641
585365
311052
873100
292340
970030
369712
91890
145474
161451
715487
272257
264587
227107
157193
886
222676
146804
154698
457632
948604
831349
392578
84278
287566
911041
615153
830074
721585
331147
84447
982614
871269
271567
635404
282155
223191
996145
515245
239190
767076
723147
114062
362983
539206
277890
68405
945762
595468
548164
57009
422899
164756
173304
163201
700820
31178
807196
178252
332721
224146
988404
653159
791828
819400
326513
360589
145714
748928
284433
101977
335870
181543
377681
834049
738574
348312
876096
623195
591729
193695
591089
231729
209830
523397
123619
543679
503050
69654
858966
529038
318889
537637
26102
441805
839867
403806
595078
988931
586054
460672
252465
256146
655792
642972
510107
386568
785274
259964
43077
914687
39834
791759
276435
45704
147658
805454
403263
38078
350115
22199
142459
354770
847482
217881
708587
488897
829326
266598
596769
818402
140918
877450
710900
91355
674405
141225
131073
781569
546355
357103
270962
408890
160630
943176
258171
703974
591625
445016
428493
720190
404023
515890
397301
148382
405999
570373
530346
747976
481408
142559
746023
754397
814738
105756
537854
830382
400181
198566
66263
426533
609427
94454
940151
529330
106563
564196
854963
349653
85445
722567
39972
741972
877089
91893
646150
580724
633950
81672
210604
690881
557246
31810
231373
410263
367753
307139
496670
355848
310421
874177
564961
2527
388924
302330
332669
186948
493438
202094
143385
741369
413037
599843
651565
97587
371558
616001
342418
86327
424310
428874
398460
494597
745078
241349
435621
660090
25510
824870
392730
310154
81303
845641
465362
54499
923446
160288
566044
193638
774737
714344
824632
310074
545371
257350
241291
276333
466980
611413
925322
258900
418332
620503
784202
522186
960278
743447
342793
865943
702501
633575
579637
877710
258861
903357
517787
343111
668089
64381
793312
518764
671754
419260
534244
510653
178305
680846
859609
25407
560435
573798
867246
141882
377662
233079
806700
175709
944440
900298
410440
889532
194768
336472
182497
549966
851637
480561
534811
917390
776850
764550
844680
81445
20584
719731
919580
966069
103836
225300
685337
531815
331111
356674
204426
346258
898509
928097
196388
582413
866682
557339
366097
879054
696901
803374
749479
835173
540318
386879
323589
839356
941315
531233
100358
195138
737770
683732
327555
980437
836452
535339
489381
512321
318005
686340
905556
727492
793372
556345
261707
884613
517235
303503
165095
222771
854770
357654
32350
190314
123124
191984
426708
130392
363763
514295
774742
950829
949075
533832
521951
839999
717486
805016
931510
348057
486933
138891
361835
854826
318197
699181
438816
662478
607384
789026
855156
668345
585877
233468
626727
133282
528289
878565
910463
780380
716812
986907
676583
426172
766230
172302
328420
689090
670999
217459
659079
915723
717463
747527
476916
709285
344613
326709
874253
583356
965005
413073
805239
156417
952583
628171
93947
442420
204730
6962
909582
675490
327278
252144
127577
12836
235777
826048
167876
909936
100549
696931
972868
108168
164399
845183
776740
283118
917644
880420
61835
13189
950525
407907
567324
71180
517844
516436
196267
532451
430333
926132
613863
303675
649641
645500
766926
564250
622346
108197
474871
189831
410067
557976
785945
570318
604797
751776
422956
766944
164328
985174
30079
86629
865826
882789
912234
413325
72201
928388
250166
105490
74361
820287
81922
993542
479043
689827
572313
716032
919210
866142
811309
953849
62941
846362
509149
290148
471006
978339
243209
418190
209310
720552
161589
648477
942806
330228
322166
466548
738448
468769
418301
319311
471762
373499
4174
490546
232019
39585
252779
377650
867466
5829
82749
9020
758783
789608
90894
956643
933131
878904
543124
843313
940972
949225
247382
924140
387673
973780
743003
986989
106059
766098
654089
933743
733669
343659
161797
203340
574018
161552
893405
136167
253754
677822
371241
819312
673485
360266
998830
162280
151006
706197
687168
528890
276275
78330
118466
486844
508160
144027
659854
152350
78699
667555
845447
207532
22113
969673
95325
115646
287935
660932
772385
296474
502605
524465
122358
850227
103655
778012
692534
798950
182762
630086
821363
848745
659379
433508
742462
161524
937266
991540
274911
607215
647068
463775
174289
568637
80550
201379
991198
727328
129051
124769
334024
493827
421848
922739
94502
970218
685039
893127
479664
964293
127573
689556
18231
680574
231113
533069
197727
157079
407304
260603
953910
518846
984054
186720
905967
402404
426004
670084
127570
434339
277890
618447
893815
577511
998613
162961
615978
705668
561378
871541
149989
44990
730465
734740
462650
405082
816159
815434
902654
963648
630083
834392
875156
170499
12995
511434
698037
106044
635101
925302
221091
912400
159598
925220
537247
433521
230699
927596
932632
413513
501199
406306
259739
126342
882509
913791
495476
483486
602231
891024
954144
272484
635922
44431
888430
476790
600731
572454
463707
855527
725542
708977
735459
339182
946017
815259
102893
762386
138930
918174
617509
810925
894915
366666
83211
184319
700092
222691
531391
159907
712827
297199
363046
992577
76591
17193
77512
670555
478458
79466
793684
5056
787423
923953
175240
304056
843953
515917
143008
799869
700129
379953
287478
127056
363968
755090
572660
700626
898770
12333
777779
910933
551040
648560
824090
671092
845167
333716
375853
932195
428732
571726
533214
600260
920338
205527
960736
782785
350432
817476
100820
97340
784257
770431
369043
830761
741593
369287
730583
839674
834485
754441
721971
688856
738824
41802
403879
914934
296144
292690
616002
835363
968736
755565
469173
402182
35959
673132
405818
243159
376005
492006
960772
98723
838972
924191
899713
886640
564314
900861
15995
746807
650236
25879
918393
684699
182106
697594
478887
232331
444775
951926
600451
518182
97334
417967
955735
111918
480831
540898
674557
367963
442215
386040
249030
93716
185907
550319
436009
271774
281105
727096
857731
374950
779708
351539
157113
1250
269441
61510
896738
121327
27621
805313
327983
279831
595103
470487
874774
67231
553847
751047
255658
958940
366791
741278
284751
637124
842661
316392
133363
487893
814042
785862
529422
698993
433326
2588
345669
917204
77323
589161
563011
320360
409313
694680
17105
916510
165257
375184
409198
684409
607922
505174
174000
192016
551957
617513
510119
827088
897450
886327
389705
139021
22876
235433
109824
733855
271106
315101
930475
256631
119376
240413
582529
427503
159613
381370
363329
737584
27365
111642
140122
866703
418929
445885
687203
6373
95146
879985
664309
79111
318900
644215
361680
759711
795482
757247
107695
488532
43884
781710
591207
317917
873414
489581
214073
452106
552300
443189
70845
580781
47710
432743
170877
390076
852877
576550
696375
807705
746222
849779
893295
869213
348060
959387
256111
256188
539568
159996
874533
116634
815267
242848
642114
928812
832166
118830
520144
508321
859523
977310
965819
73304
50074
638748
422149
104060
211975
428641
736255
515273
85906
821387
24089
656411
397604
431724
749923
709428
443957
768538
158337
694394
32865
700869
334288
355180
957636
866559
773377
695705
45843
262426
234808
471287
376389
947307
465315
73519
78797
101402
3772
454415
797756
272114
241310
992394
684991
82622
196723
619235
175661
296074
218267
133609
407310
899570
97033
411502
773608
127819
353484
122396
142538
261298
159929
957482
316986
227214
682496
16281
362198
383524
391044
331333
879640
764846
573495
401663
523437
782654
845668
263743
73404
554035
564024
858384
491666
55061
166872
840137
711827
43143
508107
396801
497683
732298
38500
981533
356101
489246
667128
613820
259470
53394
580011
794544
765243
171510
891446
257884
286421
41511
886136
296487
654427
389108
949243
187044
550644
675757
405500
352626
669907
74348
634695
698965
916271
438593
684119
649990
212054
702561
718581
118266
741046
899118
308253
972482
122422
770334
428930
492508
566589
724163
504369
101939
63378
409189
129149
841549
205579
28290
474344
837986
173570
739967
251222
381835
811345
679141
179112
167783
492181
563214
381809
246504
454699
238275
962777
116169
741022
501742
720341
841659
158568
438379
997274
23573
804170
75067
631672
243576
784922
229385
799217
62646
816086
241053
606739
808250
916034
930074
343134
675719
789849
730168
466084
612906
346771
721543
625280
632656
21886
703097
142049
519572
246598
777354
778227
969913
717263
641725
986021
189651
940008
257304
407560
592928
485181
813602
758544
227490
785085
450487
423769
726427
162860
357526
374726
578558
269616
808467
904219
836733
156953
697473
878830
574806
394
735760
12500
904290
149266
892225
538072
716964
666508
474992
752488
998640
140423
408691
416316
25122
194087
911343
591139
90591
510917
173702
730042
261640
933148
433279
107259
96808
267861
681095
409485
945070
399730
515117
291952
980419
128682
62513
393504
645038
276016
305445
950485
584436
906923
845649
238396
840188
519456
38820
915534
482427
518902
459797
259715
151166
405242
378788
207390
756679
401816
359655
192766
138013
924125
26475
745148
653926
504778
455966
306326
379791
401040
20182
262933
678104
168805
575108
521061
107657
59156
853066
869168
850929
883126
631005
810390
36982
187408
491973
941307
914665
794674
522538
882002
672418
424716
725220
935359
975490
599909
783355
568065
130987
680187
606708
798418
787608
115130
60582
537112
94751
345467
998849
320159
717703
584710
812990
572130
51973
211364
361537
976427
521692
587722
330413
534532
246311
993292
396695
485485
692054
619047
461187
603330
550624
321480
201123
211808
172919
898188
516525
98443
547073
120904
885654
383783
875338
742235
305655
899309
991789
341850
71696
554507
684254
71749
53166
347648
260212
364949
761907
282574
602928
202104
764798
222782
429324
741264
479923
623197
346949
762645
409689
275151
350367
74654
381001
953463
453258
127280
797250
734280
762022
438787
960196
64757
611304
434951
229749
953379
945067
449859
707126
28378
936659
186540
730404
203186
906691
627742
427725
169688
584600
147653
885987
558295
728826
518880
627646
325284
591709
379040
97098
771753
58991
891371
305545
982328
988418
215687
595392
251450
819233
248641
167802
132570
444950
277711
125993
143561
296178
674651
51107
81156
947180
439744
554909
65683
95748
233292
678379
185026
832035
874452
572153
280049
747758
49621
107287
699248
550806
536703
418062
555244
394799
318555
718754
850649
441199
12681
404426
614638
656668
649211
46938
780115
877336
882454
180210
624858
162708
195527
356043
757868
403184
777987
191008
971876
23943
753995
979000
655764
468258
323413
558852
884496
963302
354167
368557
923317
914087
923986
147765
992589
710435
496619
363627
946518
798117
907096
232752
176363
735385
848307
16160
911148
523849
491110
138697
447168
154435
238368
645094
783733
635791
136578
678599
233870
817442
76235
105673
204115
622169
988887
303124
937778
475186
813193
698449
888346
16985
559960
799481
392770
76983
385822
631501
745532
715640
96476
160049
494037
976417
256618
845817
208338
314622
432576
296054
863072
478372
31525
602491
738896
768025
89141
30002
811675
173565
839019
411093
910399
745506
892825
33616
931595
70608
564261
142334
817108
330469
498866
528389
805904
828956
417848
735828
423039
167084
880246
382371
395050
370231
532513
523568
52583
429278
785468
301187
979598
588610
254501
863022
351208
475710
36843
552940
340598
28249
678661
92997
827966
219677
671261
625892
904956
556096
272948
459936
192521
642133
958120
852665
776384
270791
653847
45673
228742
964664
337958
542129
26588
420745
29985
958996
967388
377279
789309
488276
566933
948074
152690
237883
397771
966136
822665
954953
700225
57598
133103
688480
959301
705794
928647
530747
877799
363001
648207
636573
278889
439571
180171
714337
529637
94107
87626
813801
811931
647164
310730
8608
901623
689637
547713
296835
300925
179813
74938
837479
378121
273676
253680
764537
758292
771908
841317
483841
649613
950978
785310
320056
859933
228718
419381
933567
359085
68538
619952
171170
343795
980193
89295
620091
113141
176214
689342
968500
370692
584406
635526
500319
697883
28437
149101
255274
767562
197035
120229
708485
901403
200815
943716
660315
3833
812101
929652
541703
345088
7909
246532
31890
634931
134657
981720
637801
511971
73481
703451
168633
52494
867895
43104
180009
963469
751621
991130
770382
453830
735607
273570
774799
22263
851330
585613
523196
120872
212076
133141
817577
742560
535970
943273
651217
526039
494979
61870
646271
60303
196238
694784
949308
460712
504666
33638
887814
539724
856745
140902
954593
414733
69272
839986
783697
36424
713186
60300
989071
283229
834062
441312
653793
467789
483692
486418
454938
223325
571114
840687
286870
918498
100473
475860
312197
106427
8494
589844
207903
177576
889685
513314
206829
980369
537244
785759
556972
904961
299060
525933
549724
323064
854035
138757
177252
1274
329278
230793
745787
708211
775303
383826
453884
53689
89984
874547
138015
258846
406098
464751
968387
10274
981928
246391
622979
34329
939017
461351
686202
535504
494945
893379
748495
650611
628770
834860
52147
216707
127490
397921
820441
883251
320300
721439
506121
665486
793516
924806
109496
789655
23041
52970
910912
844490
444967
15388
555127
422076
559763
96058
884441
525862
224563
151466
555633
193034
563360
746291
535807
557082
654664
228535
110364
477387
11460
126434
454754
583492
113815
938382
928950
484668
123048
216925
461304
112131
335689
784736
254453
95613
541494
461872
708677
138180
455783
660412
775012
443536
101145
612710
944471
342099
259817
517267
640083
80859
387258
440439
519274
129722
621115
698646
499793
12575
258628
222839
567169
456487
140889
629043
432271
479577
34996
8999
613219
135404
861323
910958
626757
850515
258462
886123
278364
95125
28268
445962
173400
500790
4575
518294
115793
443554
516469
644920
255177
696870
746296
110282
808333
732508
383354
248242
15345
404674
361570
889995
567236
227174
307843
574502
759851
185255
761022
246524
774109
314782
876117
702760
390440
318298
294362
774977
923682
324104
12040
287988
444851
599795
690435
271300
423329
889901
144626
108684
169121
3463
843103
289970
315538
602251
532137
197761
476556
957047
619426
160774
830796
585683
527242
975539
842502
615961
362011
22682
603895
660403
856450
465572
322546
765437
157971
183535
254157
800992
773178
149994
156059
249344
413819
189676
975264
833816
389003
729722
897880
772082
715375
251607
615565
77870
227803
146622
77511
728980
484595
87688
744275
915368
462915
904803
338511
5498
942711
293008
197716
751966
598059
527300
363365
252371
798895
44204
427597
587059
991026
901437
86771
716169
700041
146597
578525
407621
212724
349460
245535
240916
332727
737010
71432
964699
415014
613260
726230
188044
817902
324052
797853
971872
159760
571025
117353
20282
610635
326927
675337
639258
102010
612529
128007
96880
617889
575991
202546
295617
592315
680236
694594
244678
220656
473810
53740
139751
860602
633739
707704
502123
962717
896040
702349
7866
889199
384586
325295
527930
706537
240677
511945
979061
722263
988023
102875
302548
582298
773369
220146
382011
841466
110669
600510
197564
616689
387037
171867
898518
546464
540001
917890
592686
669613
470467
671054
139430
973705
200473
536495
18934
471985
991269
819953
242589
825745
163636
195963
820907
828179
595188
912351
287591
266069
831139
342460
807520
165270
894794
58330
665269
914797
559775
472844
750917
36739
471101
24330
840725
822594
430393
330699
163087
668788
868716
279557
340665
574294
121514
687472
882683
482834
766254
63344
81301
817850
333840
495598
589779
282996
17791
238419
617579
522364
613739
950885
253654
864889
283174
716920
493191
784524
597041
107215
755247
315643
388178
266289
283587
348687
605314
402287
912458
10676
108279
925017
858606
288313
911984
961831
997477
417600
959761
580700
545727
241961
553850
334656
903913
354308
418004
329620
893051
661370
495846
433144
920720
686611
490429
426123
868956
426462
614337
778166
438073
39516
368855
665487
279674
978964
855040
279472
427098
15020
288356
131894
764238
902663
102717
186739
850053
183909
504421
736806
45379
958379
681182
829045
792463
329289
149006
521764
868593
567134
924905
952454
926793
999280
344529
900380
521642
205846
304545
417559
740554
765547
237728
630582
334136
321983
407484
53429
251401
963869
132107
977734
449292
840804
322088
72589
516848
704613
293380
513800
253371
821751
565883
282714
452029
114315
845170
966650
296983
315202
88119
450959
755185
235728
235317
887411
793055
277751
599757
600924
117652
184059
213659
768940
584777
482192
633057
943089
367653
602914
321993
869078
410108
967496
268109
996098
744539
699030
840263
749398
127360
488018
644595
308791
460696
521596
661200
765912
724714
554122
824096
940414
487445
987577
538746
307989
589635
115177
536405
445001
696827
802558
729921
771533
30556
543401
139216
512210
373680
719047
77575
292089
380696
989613
289346
774077
280392
313682
824925
8245
392892
492253
523838
937711
322284
859599
49723
325549
891435
463389
870791
839920
351838
760220
892746
350753
619937
277999
169501
892248
643077
137916
402601
230948
87380
549674
205115
652715
867538
993209
981937
316995
589777
253204
946718
70682
469954
132264
103981
489516
951442
303556
592760
700730
79377
315556
670579
64589
42600
846091
675706
499234
24064
426037
798187
929206
988170
884456
992177
144112
604166
385322
687237
793992
223572
133851
148043
398679
711307
880782
741193
582761
630033
174774
355600
384962
208455
593186
561101
435013
731449
386448
525148
826722
906639
247799
461607
17854
816678
283352
988035
702278
415569
311567
60703
190443
232715
811083
77881
539395
740430
752279
813825
492427
979719
54603
609335
510063
795707
371279
952801
716717
291476
101493
881239
227459
768452
626456
934100
111736
614097
503823
350783
979797
488938
72458
870652
461290
528771
224981
781705
915537
816636
698483
912016
623999
35953
999297
855646
487668
375754
662034
588596
629889
656393
345024
991824
930343
968290
187103
565212
224559
727698
620028
242580
805319
391598
588053
294798
634268
432702
884107
143643
913023
705186
877320
460889
438273
737260
185860
363214
55048
953593
575177
89604
369548
233576
462819
669353
758942
197616
915337
711933
534356
11180
52918
579742
10780
266843
740854
720473
19617
370761
312498
46033
931928
218445
381251
839930
903342
551969
533089
703345
98115
106398
694059
58325
49364
690961
239764
707920
220848
35661
733834
956807
143177
6628
393114
666371
232097
504282
509291
423855
935695
85481
398038
775170
194229
720878
316318
420834
15379
535955
806894
75994
203576
833877
772216
268428
953063
539962
438533
217649
67811
693279
893425
730416
208078
314143
994057
353413
18783
955270
905832
211886
193706
861004
990632
564554
253692
67198
119461
71711
895627
235558
842976
220571
858454
226335
497761
970420
751772
781680
922696
518504
1658
306243
935479
830576
766575
520219
887142
784063
532603
840047
119981
335212
334389
533514
1185
921932
805623
569252
797522
159024
612760
104247
602544
669613
929555
993744
702950
