1000 25000 10
7413
8434
4691
4359
1423
5979
7391
2191
8894
3482
2588
4165
5610
3737
7110
9583
518
5298
1919
4693
7810
2279
240
5774
2602
8681
22
2559
4517
1590
1986
7551
4879
8421
9740
631
6717
3698
7187
9662
1133
9911
2040
493
4501
1815
9059
4810
5324
6344
9094
5990
1629
3964
5029
5933
6802
120
9711
2970
6835
5753
5441
2624
727
4070
2504
5802
4814
7745
8270
488
9030
6894
158
2329
8395
6940
9117
9523
4044
8771
4997
2093
9693
7371
7369
9286
5806
7988
6120
8603
2276
2272
4569
2245
1528
9172
2407
5930
8664
911
3780
9354
3747
1690
1888
2592
2624
5681
5582
4076
4913
7667
4771
9299
3660
9939
2690
4501
2481
4722
3779
3781
7438
6556
7733
7087
242
6717
355
6976
8001
399
4986
7655
2311
912
285
8775
910
6664
6684
5205
8525
3130
1102
4000
1943
3681
6165
3763
7237
3819
7233
1278
9277
1355
2540
68
4149
9189
5310
564
8384
1394
6870
7328
8597
6351
5711
2837
4800
9766
4571
4543
9028
3700
4010
7186
9204
4221
1599
3041
2416
4781
6341
5565
803
9818
1550
1592
6047
310
1888
8857
1593
7639
7253
4500
158
8328
112
8563
5738
659
4439
9538
7278
3855
216
504
3342
9562
799
9977
5340
4970
5251
3507
977
6448
1515
4994
9912
2387
2697
8791
3988
4864
9937
6271
3639
9525
7306
8793
777
3911
1133
8074
9721
9532
3199
1937
115
4284
7966
6358
9915
9146
9674
4443
8868
9687
7306
3928
1396
829
5436
4950
4568
2527
8813
4731
5613
4417
2942
2458
494
9383
78
1453
716
2503
8570
2463
7195
2338
9396
8795
3710
8073
3441
6115
9476
8234
9452
2707
5139
5192
3853
9203
2487
8466
1901
7749
6233
2187
263
2901
8635
2556
9027
2438
8193
6428
4350
4580
520
827
2457
1987
7233
4740
1323
1537
3562
7210
4815
1856
4195
3251
8754
1469
3396
527
3823
5681
8370
9157
775
6146
2309
332
9764
1749
1033
4543
3068
7525
1092
3801
9769
514
8627
8969
4462
1288
9975
3135
1578
6803
2214
925
1678
6526
7181
6901
3295
2003
6297
1485
8436
986
6206
8822
9199
4614
413
681
9349
3676
2424
9941
8468
4082
8448
1328
1172
400
9150
4829
4431
3158
708
9555
3700
570
7472
555
7421
4647
6118
3353
8144
6241
3549
8141
3522
3906
1704
5202
3003
5391
5510
740
6682
9609
5033
5583
5327
1366
7929
4775
4848
103
6157
7235
9012
4399
5901
6771
2213
8872
6665
1187
7774
5115
4975
6538
3146
2258
6682
9110
8187
919
9540
6952
1650
5086
8899
178
2426
49
5504
4602
7795
7162
6459
2566
6158
7556
8712
8863
701
1289
3803
4663
7475
2539
7274
7939
9343
3871
7784
5696
1198
6385
2161
7959
4558
4074
2610
9258
3103
3110
5103
1516
3728
8200
2781
497
1539
7117
1728
7544
7985
2658
9955
551
8651
891
7466
9233
8243
8566
5797
9210
9306
206
8075
1192
490
2542
9465
6708
2794
6248
171
9404
3996
5314
91
3863
1959
8568
7009
6024
612
6107
175
8959
4430
4585
720
5998
2220
958
3250
8246
6588
5355
798
973
9339
6077
3006
6262
2503
4159
4172
2752
1137
9479
1885
5461
9824
4420
2393
7044
9041
8742
864
1543
5671
2179
3388
6573
5034
6137
9774
3759
5405
6346
960
6538
5345
4228
7124
4933
6649
5537
1564
7826
6548
5713
2405
9383
9058
289
2129
5685
184
5861
6491
831
5488
4536
2020
9531
711
8588
9696
9305
1979
1149
7790
885
1447
6344
5472
832
4762
4642
369
5397
8592
4911
5811
1791
8827
1943
7728
3761
5921
2635
2939
294
6006
3211
5175
1733
8103
4628
1443
3283
19
8818
1138
6599
8902
9920
2470
6041
7432
5777
8842
9658
372
7071
6757
1160
1450
443
4598
7923
608
3372
5626
4393
9100
6375
7620
5279
5860
6488
9272
7381
8929
4790
8192
4415
4694
1720
7856
7392
9337
1839
924
7192
9116
2216
4663
8227
4772
3013
9189
1271
9602
5679
9680
9243
3400
396
5100
3125
7985
7182
7458
7879
6855
6668
7301
2903
8012
8901
7700
2998
1964
8936
5624
2226
4792
1601
8145
8302
896
8996
8250
2098
7435
6498
7840
7468
3116
2022
8749
543
6551
2355
3910
2548
8431
6882
8379
5614
8392
6108
7743
7279
9395
7795
622
5831
8593
7893
6476
4229
9843
6992
2204
5783
678
137
1607
3162
819
6736
501
891
9614
7178
5880
6882
5748
7522
2902
562
6141
2883
8109
6901
2562
1527
1827
4085
1495
5707
1477
7661
2391
1116
7998
9381
2540
2415
3440
2194
1659
2234
6749
2006
7043
3728
190
7829
4350
6666
240
9212
775
292
2952
6338
8772
9601
1924
7020
9840
3375
6529
6607
5762
2461
4501
2282
5261
4297
5902
2492
6799
9131
1546
5193
592
6886
8225
4524
6563
3451
4141
4772
433
3363
2380
3809
3234
476
8015
9559
5543
1886
7468
3516
5571
6941
653
9185
4721
2559
4777
1887
7135
612
1188
4099
1870
3286
8218
8776
9651
1216
7
5380
8341
4703
1061
5779
72
7858
6024
6777
4358
2997
4477
7575
1180
7780
2811
975
8280
9648
2813
2332
8381
6041
8956
1338
1827
9391
5623
1652
8147
8695
153
1978
4429
8702
2150
5124
6802
5094
7363
9799
8742
3425
8650
9774
504
6392
4030
9437
8227
598
1809
4879
3960
1909
9321
5729
9491
867
192
8141
4887
6105
6472
8737
2344
667
1536
6204
5987
1216
6183
8688
8086
363
3548
2954
3922
8879
4061
45
2786
3994
4209
5511
2415
4898
3516
5902
5481
8784
3984
3166
7036
245
720
2758
8869
7516
6842
6241
9401
9002
1079
9007
5709
5545
1060
1492
4995
2675
3154
9183
9156
3938
9967
9886
2038
6402
4981
3747
9751
985
4057
3635
324
3414
6470
8254
149
2051
2298
8835
2491
5176
296
5642
4821
5268
5142
1641
4766
7649
4546
6295
6385
3243
