1000 25000 10
98042
24179
83020
23728
97491
38227
26505
99964
22748
93304
98421
48168
40331
72343
19701
96190
43109
73216
44767
37932
96831
39809
81627
49386
39899
31967
51251
18583
28490
43148
5516
34638
85138
16819
47313
52676
80329
99791
30843
7664
89163
46413
9005
44487
35575
76457
34937
51499
68760
7382
68880
46794
69763
51643
70290
6038
56042
19359
56552
6722
51180
989
91421
78761
737
81506
88459
61351
76208
86023
2912
96703
7127
70994
43769
46744
83222
13846
44536
42019
54039
28293
22336
53770
13909
22277
18184
79929
96113
96748
69800
57006
19643
70763
59829
93244
49231
48773
35832
1562
90400
35435
80879
56671
3126
99146
52447
20231
44626
31888
14447
14837
10673
90909
69052
96650
86587
78743
30399
62993
3694
81942
62694
85649
23543
65287
26630
21406
81308
49719
31203
3374
74981
32208
12594
66235
56004
48223
29638
61361
91616
77212
54453
59146
65910
35218
92533
90011
14320
95702
71518
83691
58476
27181
64454
47917
68429
99060
24547
4889
95570
46508
32147
7975
19180
52417
9626
63344
55736
3345
27264
59279
46045
29389
81420
24107
11741
1423
88819
26915
27670
5434
37541
83713
9974
1766
12498
97104
16188
92075
96941
57874
73628
99853
99135
45285
68372
48888
51344
64172
96712
37637
54515
19232
2878
30549
38702
67643
98295
14077
79573
60843
17804
25232
1037
58590
79237
59349
14063
43592
17498
53772
98338
11173
71643
15807
38145
41921
3658
44043
63210
31283
33394
52167
90700
5822
67182
45838
37123
15728
31057
7633
31268
72665
82243
83437
9768
80042
7560
88212
41021
96354
13390
30395
68714
48060
16822
48570
76510
67471
95992
54549
47892
73105
54976
23837
55918
55497
73083
96062
44258
11747
88726
25882
28488
63677
24597
22105
12555
5115
70991
34500
93799
40061
56801
96091
56989
72750
9918
15393
5393
89288
99962
14025
66569
70148
90159
38090
80857
74357
97913
90727
79752
56454
10864
52209
31541
59493
29189
4083
35526
73339
4130
4671
90488
83234
43833
3185
37830
76358
19714
91691
61093
81233
20354
24391
2011
81798
87800
73830
53980
83704
21391
76873
64256
17466
64294
99905
41409
70353
54312
34657
9822
91011
97109
69311
49556
13947
20461
20944
70538
62131
42397
98342
59165
47930
91659
28015
776
26222
45100
8040
2285
25774
95147
8483
53515
79486
63495
794
93897
73581
49127
60053
65538
23687
70656
93471
6023
90158
7150
34032
75413
17793
15726
69614
43759
53258
24511
68399
69624
26488
14211
87292
13003
36322
49087
85412
18070
43138
55850
71218
84278
92828
60067
67842
31142
57286
27913
33612
3656
10828
4614
6388
18010
90243
18363
47882
83661
69192
8431
55557
89444
67605
86658
97441
2101
89148
24632
52885
3641
15027
69956
20213
38680
5440
70154
48272
21998
85329
20449
57718
66999
97182
82967
89520
40127
23821
23065
98687
21241
67342
52974
70908
34342
23525
18190
77955
15874
44539
97278
91094
22981
64365
9367
5260
42915
17055
3096
59091
24007
49297
96663
27087
13766
24277
97820
85295
28242
31152
76020
39843
22742
84081
2867
17462
13313
78959
95586
64730
78120
88894
17389
77916
88171
48571
20525
24140
72684
39944
94836
98557
40865
51572
82541
67046
80005
22428
5470
44473
43288
86506
20985
28368
949
37008
72427
18696
97483
91897
38937
4634
77629
55784
42923
74837
90201
16613
57851
92646
81270
24441
87523
54685
29046
28537
27603
79647
24392
11184
27714
12312
61121
93188
10813
18972
3104
16132
56195
46959
50384
58377
50476
75296
84752
55259
85269
66437
21338
47343
78977
23841
20563
7134
14379
85341
71473
93779
82014
56510
18514
86071
32323
20223
96756
4694
6355
72195
96510
79146
82594
40149
9071
98884
95980
27337
40826
10726
49859
40124
20375
88500
28863
48969
76210
2294
68632
38661
35747
63722
39053
16979
61965
49106
92016
60248
9185
32833
57479
85352
82467
59847
56528
71122
60910
83236
749
50439
81075
20140
24928
15466
43415
41851
31193
90594
44641
44764
59578
44202
80576
93221
82973
53455
90612
9636
86666
70690
77699
70121
18381
86711
24557
87413
80503
58479
97273
80419
87611
10238
22529
81990
59469
91684
81713
63952
6588
56445
94402
80515
58644
89013
57368
83682
97886
1003
88389
93130
39921
66832
22431
42815
82918
63891
99489
20787
43634
53307
60404
10594
99503
83124
40205
56153
61165
73312
56289
3610
67399
64047
54773
39475
67277
67318
79142
93200
78017
3560
1972
33900
79428
36834
54132
6403
97179
50243
41756
72238
33700
11129
34753
74537
17601
31011
64975
31140
92903
45214
54697
21152
63425
82568
48167
60330
90577
65329
87239
17388
92943
86113
46389
54097
52910
48380
59228
57971
38444
21783
18178
91355
13948
93498
28597
30888
99170
25221
11568
41178
17289
23089
38503
10758
56064
86996
92646
71868
70842
30562
23502
72907
65830
69637
8685
35807
96257
78610
88783
37492
63875
23621
51920
63952
81204
93206
15141
81371
99890
16040
41580
16752
35008
56650
8023
41014
64964
63041
39037
40881
10602
17189
58582
96674
31333
5049
60438
80325
67627
43117
61105
23167
30010
78544
26570
21339
41677
11478
44136
51983
34648
58478
32614
85737
20206
55860
61532
15829
44923
54623
39475
20279
86486
36143
81257
28800
4852
66018
76451
32826
63623
91634
43046
85181
43688
5403
42135
6695
22635
38623
52845
74851
55974
49345
98844
74823
86039
98741
7592
81576
18723
1897
40357
66463
99860
89947
28529
31515
71098
57950
78222
35995
15170
95784
29871
34464
14915
3300
7464
17880
50259
79013
99473
97599
61073
32944
24511
92172
18439
67588
66542
48127
58410
86086
55374
9504
34577
33112
17987
46459
46998
19979
98575
44059
8171
77623
6032
98012
36995
60784
66245
80484
96642
76137
31955
36824
41432
46868
78608
43462
96820
725
64224
83156
66953
31551
98907
8873
95212
49920
54144
85807
62418
17718
2942
63898
79667
44473
9622
11118
18438
68688
4747
50188
47973
80969
10833
49447
75654
50504
6909
31181
35209
58222
21139
93567
3163
31905
20360
86650
55198
61282
1892
51052
61686
40937
81950
18040
2037
73264
3877
10018
99147
35700
79880
83041
68749
57813
45202
65730
61859
99575
57803
47401
44331
83181
13390
94131
71302
28977
49124
29177
99925
12998
25552
83117
61774
45686
70633
78093
51256
80706
85298
23712
34085
61951
54992
75396
67781
30654
87126
96753
