1000 23423 1234
839135
934585
85122
672912
343604
221803
65948
645113
267241
38237
289319
128883
485899
413076
256826
11075
120999
218322
669754
46396
580279
376637
443635
550428
788468
766450
480795
269753
883714
64128
450207
834618
922803
444156
464755
272875
419451
386999
166784
572244
454710
898622
545509
410994
481775
975010
663625
787233
283912
47134
609401
966577
131388
366776
321378
488481
420651
529311
654975
953145
783979
116819
120281
541077
722524
573239
154444
296712
912488
415264
971754
793342
180555
941953
900858
234620
419078
976607
770463
324685
761081
916944
593319
436453
417660
664606
640311
455636
562460
360538
400237
351410
755924
489109
350296
135870
789682
306237
250278
799517
136699
807600
232344
438345
852434
837629
379791
396190
2640
20468
37260
733794
744820
758097
160168
3365
75031
993335
908429
675003
360059
996992
153143
543738
155262
643305
542424
431052
706982
955095
464310
769480
204651
813703
328006
203371
91068
526014
87260
64005
278639
42934
914113
549859
264376
260021
888257
464873
225278
878672
157797
157744
464167
47501
959045
181163
839761
980348
775823
496904
502191
554942
626986
854628
580758
527571
239456
59273
286893
565874
293717
678832
479366
146383
684638
818680
564076
699161
313520
543973
253892
228221
645345
878154
856193
865427
34458
759594
345834
612654
807439
42952
789139
603003
555620
238176
27331
518662
712904
372587
607462
372687
816822
114605
881927
799145
424382
6253
481014
623208
7900
55565
821826
767506
958880
747500
434015
454805
951168
852653
940748
274882
361694
120359
845965
72857
289479
845496
630017
600684
519094
854995
761689
234603
941593
463000
500997
892936
978772
159657
830175
179978
741879
279165
928216
356477
455806
703869
938089
964840
796667
711664
122009
592823
588163
805665
42743
742703
323078
370680
665807
171247
725480
271680
396106
853536
126573
15700
501636
651096
297122
468843
275905
531159
674841
904199
68221
161396
529953
766069
922675
7624
601975
234454
708273
433246
535620
235290
302491
164209
999040
37310
749746
722980
575420
212482
522712
109204
721285
370446
820547
1794
408301
131755
849331
259585
616105
841084
935787
462999
927618
723456
434823
281525
547198
396862
841534
244674
108287
569148
833731
127784
553881
172188
390528
660828
594131
335419
889676
733034
495427
741020
343662
381631
976345
123650
888
861628
707770
803899
207221
442188
623365
166551
958568
119119
329833
288625
88899
581276
913659
757705
799176
641379
305081
702198
110277
457392
407708
344663
981208
677641
611812
52218
151166
920091
601267
962282
803996
130943
673764
128374
641014
662886
64372
91320
132818
708341
291292
684326
570635
209998
663459
406379
514598
549782
356832
822170
661268
546677
300561
81885
568936
291655
500292
520233
363406
565166
970549
587529
567373
572259
145700
359826
215136
289620
144885
770331
209517
856358
667183
644264
852205
99823
427967
30351
420559
127057
222026
299682
460451
609220
704999
964617
293262
740052
419918
104305
67779
362914
549310
633326
505179
660774
293319
862097
729581
56202
340599
963370
361835
364535
205585
325923
302621
809989
716259
343008
64879
442168
675999
310426
173155
383086
606086
978010
175742
508323
599183
593368
725321
426619
838086
53389
194294
559355
648671
366432
313868
5626
418597
757288
93979
317481
181518
713077
126409
151047
816758
267923
740091
241689
914099
991568
323332
71348
414637
699582
948659
943829
630650
96498
46209
5035
107573
250571
916324
598886
905370
509303
552330
826733
645396
431094
7270
829821
480220
804592
457790
646179
627341
509307
27695
476149
997593
161572
461222
154360
720714
366935
307355
703388
853040
76784
814648
250662
919
108620
66602
973238
540161
650510
48172
482004
952060
401248
810601
943509
915335
190795
119261
720178
868593
389215
470450
223279
547257
843502
188940
802931
693116
734698
166349
876720
783518
877265
386177
315546
672606
556230
936873
465963
110683
427611
928185
678612
723060
631126
933598
494816
581895
791041
953825
896044
20318
400055
752608
463383
631460
319320
736335
887468
129966
554245
125919
527510
397035
242670
378501
109535
54350
366401
323720
467525
716302
641213
881525
247647
137752
846633
41237
944920
321028
814259
294795
89284
60151
786061
673423
85747
645932
638756
230053
463747
934873
337193
221192
814409
301474
495235
105019
510167
413960
262632
676294
784525
962544
518609
495755
373793
975866
670067
148500
931700
71455
831818
273611
965197
489414
854481
260508
590450
870530
888820
579178
733756
153431
132024
873470
680485
708671
999826
389329
90644
259342
329382
550120
900292
608892
833166
576325
22719
626670
917739
643131
925292
843654
530518
281348
860976
714483
385916
403975
867851
713302
880370
853493
809709
771153
903064
518212
207821
280457
333634
521705
400255
242440
838209
695064
183335
760502
922111
41405
703406
756228
362810
772573
454614
172631
983956
191987
589584
468894
941764
879437
858405
771311
360246
591254
962963
328788
341267
804183
360792
466333
833375
639205
359212
131906
708581
646760
64627
696761
95204
804450
122067
788192
234518
776527
584930
792349
543207
376303
454976
181418
634477
192959
575415
368687
782397
840902
860428
884198
759508
134003
298622
180352
708337
479760
125529
566734
712984
138541
940328
533472
28420
583484
317753
687655
939979
621118
131590
939489
432805
26063
493601
982241
625838
338465
747875
557626
771272
497928
863800
83637
985048
19138
174019
273911
878875
988218
654399
415807
739259
158612
600711
718131
919077
789359
814032
70264
254228
150716
874203
655466
677035
484401
873908
268909
922743
864912
700659
714483
958355
152822
270522
134428
82155
94540
298781
5460
7942
977673
12212
474540
325814
984687
664244
678123
180987
593205
835191
365941
840409
73952
750787
152489
802368
60415
769256
177956
385984
917752
860642
922086
362032
929582
206258
13858
793665
498672
68240
105468
800329
203797
857902
942886
147395
797034
322416
792575
569299
174425
751515
346527
337986
467183
402548
346617
543402
287067
68463
540306
920317
82167
629366
250114
719612
642682
180565
958054
858460
686826
301311
460545
577589
880788
856671
596071
787891
998208
137003
150914
43490
433233
739357
846355
104657
784560
606956
429523
772445
570459
840156
430679
407839
954228
234115
402449
737054
609859
242318
10847
361316
441191
892446
770229
4100
740087
401852
720702
286582
103583
651853
479362
975153
943544
11427
222872
382198
863127
997267
379567
677294
369034
232710
137791
9471
290591
256437
78059
620759
939083
735070
700664
786042
942021
566635
338728
29890
947979
267819
258610
853439
660052
968301
574755
236039
645575
262859
783181
109466
709087
591330
288267
484231
239148
551792
41636
376228
878676
848149
852877
328973
300630
748451
67864
120111
514733
643254
407249
765333
411097
507652
76513
728392
733581
309227
71499
974650
168989
991824
298149
643833
163400
151833
235923
927059
604671
14418
83445
576636
392439
560611
180543
177857
334639
517591
27664
424030
