1000 51 9873
90
51
5
65
2
61
29
54
89
77
97
3
63
72
47
5
69
84
68
95
60
7
33
8
14
72
13
83
64
86
68
21
95
18
75
21
41
27
68
39
79
4
38
50
41
91
94
17
15
5
11
39
66
62
45
45
82
81
31
40
3
6
93
85
5
63
51
53
99
92
45
56
73
46
24
38
50
93
1
46
85
22
20
70
73
17
69
11
90
50
60
16
15
39
85
55
39
60
30
23
92
23
3
32
76
71
15
43
31
40
46
8
89
87
59
25
76
75
62
32
85
47
75
99
52
28
34
55
64
82
53
38
67
28
15
64
38
3
7
24
12
39
31
21
34
45
74
15
92
49
6
7
77
88
79
69
69
53
68
20
86
55
15
37
52
40
70
94
22
92
36
18
71
38
9
21
9
78
9
60
33
75
28
13
96
51
10
98
19
29
76
9
28
5
15
25
90
34
47
90
53
73
63
38
20
85
49
53
100
63
60
87
3
60
5
76
54
45
8
52
50
18
58
53
50
84
28
87
34
78
2
87
42
15
23
75
59
62
2
55
25
64
57
18
68
91
82
78
94
95
37
33
87
68
1
29
36
69
27
67
23
82
97
98
95
20
42
5
94
58
47
96
89
82
19
30
72
47
22
13
62
85
26
97
17
62
18
8
8
64
62
93
85
38
89
4
22
40
82
15
98
54
23
82
22
78
90
90
11
8
69
36
38
54
15
56
15
39
55
77
91
56
70
45
25
69
89
52
93
67
34
33
26
85
74
83
97
84
12
83
48
99
67
44
60
93
94
29
1
19
42
46
44
25
53
39
13
17
5
2
14
50
94
12
16
85
49
54
90
25
52
73
96
57
5
74
44
4
99
30
65
27
52
49
3
44
89
19
81
48
83
99
32
85
8
22
2
93
96
55
79
73
43
92
88
2
10
16
43
6
1
73
94
53
73
52
38
59
78
70
14
32
68
10
71
8
40
36
67
87
45
47
7
55
57
53
92
13
8
64
34
64
91
40
86
13
63
18
21
8
1
70
7
37
60
38
79
38
91
98
62
88
3
75
74
48
29
48
20
85
51
3
12
100
98
23
32
38
51
42
72
71
93
1
71
9
78
43
4
37
92
4
60
11
51
49
66
40
11
99
82
36
55
63
82
16
35
46
76
5
16
54
45
30
82
9
51
63
48
61
8
61
74
9
37
5
96
59
74
19
77
4
32
85
48
12
50
60
8
18
9
99
14
57
32
18
61
12
9
54
57
4
5
34
51
89
49
75
46
56
75
92
93
91
2
77
97
5
29
24
18
78
96
98
60
4
76
42
94
5
99
46
51
94
79
7
99
38
55
50
100
11
1
26
70
1
35
82
95
72
27
87
24
96
63
2
48
68
2
5
47
9
93
46
53
40
43
26
75
100
29
65
50
64
38
31
49
72
84
36
49
23
33
76
55
69
20
96
80
43
40
11
64
96
43
28
72
45
50
79
91
67
80
83
15
63
34
18
100
48
31
42
72
6
39
26
17
38
58
14
41
99
100
27
62
71
42
38
13
14
79
46
37
85
5
4
14
51
57
36
76
78
83
13
41
97
13
75
71
67
63
58
51
67
4
65
53
24
55
73
26
65
9
36
41
47
35
70
47
71
82
62
2
100
66
91
98
56
82
52
7
67
81
74
73
39
35
29
72
74
47
65
63
54
99
81
61
90
99
11
24
46
65
81
8
71
11
8
92
62
29
88
61
29
79
19
20
21
59
97
35
26
3
65
99
90
2
45
63
29
87
43
49
8
72
74
68
95
82
91
38
7
16
19
14
13
90
5
77
47
86
77
32
50
59
57
55
2
6
64
1
75
54
74
53
73
23
35
59
64
33
59
30
15
14
69
66
69
85
63
48
31
46
83
8
53
50
8
89
7
34
72
72
88
67
92
17
53
41
5
82
37
50
17
59
70
29
67
85
98
95
46
70
85
27
7
73
33
78
64
43
55
34
38
27
17
32
14
78
58
1
38
14
32
60
40
57
89
53
99
23
40
89
14
91
73
48
54
91
74
63
93
45
84
89
75
44
29
28
80
40
84
14
7
96
52
31
31
1
74
14
64
82
19
81
36
2
15
48
15
22
99
80
36
89
58
46
71
8
95
36
96
22
58
19
52
59
87
69
31
23
15
53
59
25
79
51
56
100
53
6
84
51
17
32
59
4
82
51
7
42
63
87
7
66
75
56
59
47
72
6
16
100
39
61
21
73
4
43
26
10
42
64
31
84
82
19
74
51
7
