3000 933 12334
7443
2521
5774
8785
1582
5781
4707
354
8862
8136
8145
4152
2
4249
6754
8703
6780
6789
4930
1921
6718
9468
8358
7537
6791
1989
47
6679
4959
1085
327
4911
7487
512
1757
992
2260
7242
8342
6987
789
135
6798
3865
2885
6593
7310
5891
7334
4621
5821
9627
2764
8523
7947
8113
6997
2614
9933
2772
6916
438
6963
5851
5661
9732
5994
1841
8222
4344
4263
8980
2898
3158
839
8145
8717
7190
7949
9659
3239
2250
189
3736
9495
7600
544
364
1077
4426
1953
5446
4363
8039
8390
6475
3853
4605
5277
3018
3614
9706
8401
4714
9182
5116
7223
7377
753
5636
3211
6270
6436
9085
4763
9408
9538
4436
1779
7029
5648
3122
3538
837
298
6096
6935
7439
3507
5153
7677
2333
8533
6605
8183
3963
8711
6301
7096
7722
4548
9775
7425
8072
9728
9778
7410
2205
9947
2151
5554
9985
694
5395
4709
6077
8202
1672
9764
5098
6247
2671
1230
8351
137
868
4257
9551
8428
3985
8854
4651
6121
2170
3737
9283
895
6422
1509
1894
4820
9450
7187
376
4119
751
4257
7840
3051
7922
1614
6576
4422
3177
3802
9102
7512
1311
6284
2776
5061
7225
5610
8649
9491
3876
3363
9026
3624
8591
3412
1268
1189
8437
8086
8227
8402
771
3870
853
8565
5886
1135
9219
9751
745
6070
2782
5948
7811
2023
449
7628
1345
6868
3680
1951
6013
4092
6357
7816
3197
9734
7005
8931
3512
5245
2871
635
1821
1565
7941
7977
7826
8706
970
1393
6688
8353
8673
9097
8813
9779
8728
5980
4281
7279
9726
4837
4530
1627
1855
4313
2381
3061
7356
5723
2355
5278
4397
3861
2971
1511
1732
2397
2245
5302
1334
3373
1396
917
9170
7958
156
2479
9616
2328
855
5612
514
6669
64
627
7723
4919
235
6447
4756
9137
8626
4308
2807
9512
1050
6155
4440
6030
1369
6017
8574
3825
2529
6175
1521
7634
9458
3349
2165
8451
6502
1364
3868
5259
4911
5762
7780
3240
5346
3402
1240
1511
9595
2054
4029
3730
525
4337
2026
1036
7149
1879
4181
5356
6852
4641
9005
6001
6000
817
2940
5225
561
4579
4118
7789
4524
9763
524
5827
748
9631
6594
8436
1825
2326
6423
2047
279
2489
1622
433
4914
4304
6365
1723
9690
8839
2223
3784
1612
3303
5857
3326
1953
6415
2628
6681
7009
2229
5990
3200
740
5978
7185
6534
1549
1899
1507
3119
1019
9685
2208
8498
9679
5000
1439
3774
2497
1851
7085
622
5269
9681
5808
6395
3485
1107
9292
9746
1523
4664
2219
5627
5489
9890
7631
2470
4805
6448
7962
3774
1259
6642
7938
889
1192
863
3883
4492
3182
1066
1400
953
4315
9073
2010
8838
6428
4039
6933
8706
7180
2985
1469
1353
3170
9781
7178
1466
1266
3782
813
6886
1278
7678
6574
4097
8728
5917
3979
2553
747
154
527
1221
3112
7279
1757
8084
5933
7171
4912
4704
8533
1043
9666
7001
6370
6618
1598
3097
7511
1438
534
7767
727
6194
2207
6307
2373
9231
9407
991
2532
4169
4892
5677
9992
7528
3117
3956
4064
6495
4362
506
9218
655
7499
3171
5127
5950
1192
3820
3689
1415
9829
9109
6617
2191
4725
5479
2293
99
425
7044
7963
3651
3800
7802
9948
1806
6374
2830
6836
457
3415
2658
3201
5466
6883
183
9540
4378
3643
490
8360
3516
1952
261
1219
2829
9626
2851
4935
5987
9487
5100
3702
9791
6848
4945
9554
8316
5220
5073
4654
2492
7671
2329
1944
8042
6499
71
2547
7588
5969
7175
5597
140
9550
611
4949
3378
8466
74
4375
8445
3021
5149
619
1838
705
5076
2698
4151
3682
6571
8890
1530
9200
9435
6362
8404
8833
1745
9276
1503
1575
4419
8644
8748
9396
6699
319
2449
3219
3486
4828
2117
2369
1797
99
4002
5440
351
7420
9208
8221
398
61
7940
4274
2273
8534
9642
3037
100
6630
2187
7493
9256
4921
5997
8981
8072
4622
9039
6500
6531
6916
1338
1230
864
292
214
3109
5649
5810
2001
1575
3325
4460
5880
7295
7047
687
635
75
7295
9115
9671
9284
7044
1878
2401
3968
1717
6887
2988
8907
8352
4995
6510
697
8003
2939
383
4382
6200
2494
9787
823
276
3478
407
1010
759
2045
8561
3877
4417
121
9194
5834
4925
7836
2502
7215
3906
8566
2878
2631
9645
8415
4385
2518
4152
4702
6868
3693
9853
8757
3293
2360
9104
1839
6628
5320
6659
3900
6608
5446
1077
8045
9583
3948
4626
9768
4760
3327
5270
1366
1406
2077
9331
2264
6709
2732
3949
2123
731
2418
6802
1062
5614
2016
3665
9127
9054
8183
5568
3083
4592
941
4238
6728
5089
9454
8132
5810
8915
9072
9070
7611
6929
708
6629
7896
7682
3952
4655
9642
2214
5495
7573
5293
691
7402
7763
6513
1009
1702
3675
3303
568
2301
180
1537
3206
5724
9138
9461
1461
2743
4705
6689
8650
6832
9197
927
6440
9892
1188
8856
9563
4112
2060
8529
8183
2099
5348
1421
7714
8851
837
671
4220
3965
710
3833
816
464
9894
4454
7804
676
4275
2405
1350
8260
2377
7342
8606
9513
1779
4526
4849
9986
6067
2533
4448
6610
6237
1181
3271
1092
9344
3260
5625
8986
8575
5451
1482
9938
7503
4204
1516
3156
2381
8754
2975
113
5162
3078
6087
4091
423
8299
5878
6495
9538
3041
403
8262
947
451
5201
8705
8337
2398
4855
275
8351
1820
9015
7034
9949
8395
8282
5912
606
5145
4613
977
5010
6410
3241
2000
9381
5045
291
7340
6641
4926
5026
3517
7420
3732
4311
6029
9961
258
9557
2625
5810
2935
7821
6693
8765
3631
7504
9483
7514
4570
2311
9130
8601
7234
8094
3437
9783
6099
6203
669
3040
3186
7854
4829
7930
1651
9215
8969
8122
9033
8978
80
3152
4882
6078
1207
4523
2929
7037
5107
2708
5999
8990
9774
9076
4723
4941
1968
508
5191
8082
4312
9320
449
9370
1060
1845
6411
1058
8332
9815
9731
5957
8099
622
9607
2443
3862
6179
6166
1921
9817
7000
3759
9405
9991
9571
2494
666
8143
1572
3838
498
4794
9214
1677
4412
3427
2374
7130
9123
8772
8098
9829
6722
6134
7441
7281
9634
9436
1172
1504
151
9188
3790
4800
9066
985
8472
9505
9679
5539
241
3511
5728
5683
9263
2356
1725
3913
7005
2691
8578
1466
6694
8280
1827
756
1952
5021
243
1775
2008
7864
3867
8197
5296
6841
8710
9470
5310
2170
8070
1974
1105
9074
1542
7619
4641
3537
3026
5946
918
897
2873
2069
4570
705
8528
5194
5447
7705
2456
7078
3544
1505
2764
6746
1118
6027
4596
7008
710
2327
5604
1696
2002
9163
6071
7199
1986
7780
4636
2976
7623
6950
4227
2449
8314
1366
3706
6882
6981
2836
5648
5028
1292
7661
9857
7436
7220
2429
8675
7340
5810
2564
5655
7527
8110
8501
8930
341
6227
3871
909
6282
5776
5595
5353
9959
5882
3602
8472
6255
3780
162
6436
1969
10000
1490
9802
5892
2937
753
6133
5801
740
3528
5084
3662
7309
6083
3768
7122
9806
8911
2369
2353
5326
4846
6260
7017
6024
7459
8812
8463
2122
3912
4140
1458
9556
5792
7758
9624
9949
7158
5382
7111
9863
7550
8244
1370
6644
6254
5605
8732
9564
6495
1177
3760
268
8151
435
2560
6373
9218
4230
3282
2667
4187
9451
7284
3469
5617
9248
1025
6009
5876
9144
4207
6930
1512
8215
4376
8757
7383
2325
9555
1624
4085
2931
2090
7019
8590
6029
2455
4867
6119
9345
5589
280
9842
7578
3384
2682
6486
6195
4071
4022
8846
9957
8132
4632
8792
7661
1901
9806
3657
4065
9825
2559
8842
5773
8934
3848
6037
9643
7562
9869
766
9380
6103
6134
9686
6655
813
1047
8078
6702
5086
6153
9285
4763
1048
5885
1708
1218
7174
6475
2939
1251
270
9661
6076
1855
2802
1011
3525
346
7000
8403
7559
2134
6066
6368
1961
1033
3593
9528
6045
9199
9579
2839
7117
4275
9836
7388
6049
4839
9967
1826
1783
4286
423
5024
7411
5684
724
8872
1733
8717
1891
4859
5188
6685
7072
2187
493
2304
5012
9260
247
8301
5230
3949
5302
7577
7033
463
6601
619
6606
8046
7325
1645
3267
4452
3794
2488
7608
5450
6159
29
5033
9278
9950
6215
3898
2250
3675
3646
2562
5108
8036
2287
6543
9913
5412
5618
77
6363
5117
2885
8059
5645
4362
8974
9527
1444
1467
5764
6235
3977
9780
959
7734
376
526
3341
4680
3103
7726
8335
2709
3392
7192
740
7527
9295
8613
3916
1190
9406
4757
9925
1982
4263
3570
8259
9134
3985
9629
905
9871
6779
3833
2124
9768
6819
8125
1819
1285
705
3243
7887
4954
3742
968
4700
6062
3738
4141
6635
3387
3227
9503
497
9691
8234
2963
2546
1858
7149
8202
4033
5894
4504
5860
6603
9720
109
6590
7516
9626
6939
1054
8930
6177
4557
8346
6452
270
1904
8075
7281
7582
9936
6092
1353
7001
8496
3560
9718
2477
8002
9795
6297
4707
4291
6531
9808
6959
9047
2853
2226
2676
7129
3271
5080
8897
4498
493
3884
1792
4103
1807
8335
5116
6885
5212
9042
4509
6052
5353
6000
5051
8432
2909
4843
4587
880
5145
1152
9069
1162
5951
2923
5766
3241
203
1472
9065
8884
8361
1724
3184
8689
2125
3123
4497
5903
8583
8213
9108
2006
5346
6608
9373
1633
7467
8522
7216
6200
2550
9652
7087
5028
4630
1647
2332
6642
5165
6169
1292
1606
2485
5300
9221
741
5019
1625
1881
2399
8306
7064
9659
7296
9106
176
1994
922
761
8665
3185
4735
8249
9249
377
166
2245
9969
7005
2108
1568
741
7611
2479
3709
3679
9832
7421
148
8490
9263
6776
9342
6433
1763
1983
314
6356
9992
3972
7532
2093
9003
9459
2243
7547
4903
8661
8296
2381
3476
2276
6756
5619
8754
2889
9353
1321
8196
5105
7011
2752
3191
7001
1623
3754
5181
6754
2540
2766
7918
1163
1666
2459
9668
9885
5975
8912
67
7119
1956
9579
3027
3367
582
5503
5745
1761
2815
1852
5348
6922
238
3945
4301
941
744
4353
3857
169
7063
3851
8048
8911
3149
7324
6004
4239
5249
4009
7261
3599
1
7258
4718
4564
2810
3823
9585
182
4087
4311
9273
5970
7527
5246
2891
4753
7576
9778
9649
5972
5034
2300
9712
8958
2886
8969
9430
4083
2732
7164
8575
5738
3048
3771
5637
3926
2368
6386
3531
4284
681
7723
7716
4609
3500
6393
1991
6501
4899
1937
9298
9887
1296
1875
7086
5262
2564
1287
7732
3406
9529
3883
6888
5335
8251
7599
5384
1279
2443
3999
7504
5194
6737
4531
2312
4504
5135
3270
6468
3954
6893
9000
9601
8649
1572
797
6690
7312
5116
7100
6148
1842
9376
7691
4235
6002
2060
2626
8171
299
505
1065
102
6357
96
5267
9477
420
3427
3187
4953
162
7373
2954
4450
103
5012
6289
4550
8046
4692
3465
4662
6296
4100
461
3197
5294
2407
8802
1215
3154
9003
8994
670
3035
6958
2343
6031
4945
2662
6047
3556
8237
7260
9711
1705
2884
4756
8132
5816
1360
170
2229
7186
4446
9568
7888
541
1500
900
7454
1830
4828
6160
4553
9827
6083
1805
1928
7501
5159
2553
831
3842
472
7170
2577
3505
701
8101
2403
9927
8122
8751
1609
4553
8466
4234
6689
2966
8805
9014
1238
8480
4681
6741
7762
9802
3907
2482
2857
7612
2222
6661
1899
8623
5632
9398
5977
2296
6861
2464
8086
518
4482
2577
5563
6773
9025
1069
8645
3270
8246
1626
5171
5075
9384
486
6857
5309
2900
645
5510
8213
7317
5351
4499
3007
6543
1120
8318
1702
6108
3047
1846
4133
9765
4055
2058
8749
9994
4432
3279
8635
7179
6776
8549
8162
6170
1231
1928
2693
417
2283
4778
2004
887
8432
5730
7491
1337
6862
1440
958
2574
8656
7929
3664
3670
8626
6139
1042
9362
8111
6367
7894
7910
6966
403
3405
9584
9510
7485
680
8426
9859
5874
8098
5008
7338
7885
1570
7529
4198
315
2696
2715
5967
3950
9126
5213
6053
9499
6826
624
3043
7667
5976
7097
6309
7062
4977
7781
5302
4522
7734
7741
9748
9984
9400
6681
6904
8894
6363
5096
1169
9862
5782
9344
9543
5868
194
5337
4264
7603
7339
8889
6987
778
9373
1417
9040
4542
2811
2783
2724
348
8506
4067
6879
9282
7344
748
9329
1282
3371
2756
8999
7096
6047
3726
2589
801
3101
5388
2098
4817
8062
9871
885
7823
6869
5137
286
6480
5394
6510
3595
9515
9002
6427
1909
9365
4828
8058
4609
7637
748
2213
7627
2144
274
8471
5236
7292
8697
4655
3852
903
715
8917
101
6596
7176
6208
8408
1925
7201
425
8249
1458
8392
8253
1500
6486
862
6698
5839
9033
8774
4010
809
4492
90
3065
5268
836
6612
3654
928
1930
5569
274
2141
6477
5022
5498
1639
8491
8629
1377
130
355
4095
973
9994
3615
7956
827
7332
105
978
4602
3979
896
5765
6609
4260
3998
7757
777
6796
5690
1010
7693
8386
7763
188
7666
8334
2730
272
9688
9543
6422
9817
2245
8069
2818
2631
975
6842
9642
6755
45
1447
5901
8151
3499
7834
829
3609
7381
8393
303
8930
270
7259
7034
9107
6251
5022
2823
68
6308
8717
31
5614
1591
9203
1790
5844
7061
8128
3379
2661
8590
6543
6834
9162
4873
1727
5340
2588
4785
2438
443
8914
8134
8635
4474
7904
9423
3110
8846
8217
8497
3504
9290
9068
2741
876
1076
4456
6049
325
7140
1926
686
8534
2959
6284
6721
4760
8617
219
7523
6634
1305
9746
6602
4699
7141
4735
7489
8047
3465
9920
4387
671
6268
4458
691
9158
7084
2796
9125
7263
5068
8391
1534
9210
2189
8269
1608
8282
7546
2995
7764
3186
8228
9033
6346
7159
4759
7818
3528
7894
3740
155
1543
3927
6848
1631
9206
5761
9336
2056
8074
9655
6889
8610
2326
9456
7276
6830
8111
5122
2043
428
6431
6980
2322
8093
2825
9604
547
6905
6068
6391
8601
6901
2668
9294
8334
7219
2457
9865
3681
9063
5783
3241
6932
5696
5191
4290
9614
3757
9642
3474
3668
8006
6107
4177
7765
2237
9824
3732
4496
5234
2014
737
176
3962
9816
114
913
4847
3215
7898
3293
8273
3129
1964
6147
7645
3004
476
966
3663
6650
1104
4626
5492
1504
3604
1164
6021
6884
2025
2188
1511
7425
8658
7592
4234
7191
1905
4861
5931
6994
5948
1122
571
8753
8832
4511
8788
4072
9881
4069
5196
6039
3465
2714
4763
6744
3553
5231
5772
7371
1209
385
1162
9412
8836
4545
9340
2748
9868
6251
3477
3882
7434
9532
2988
9742
244
9444
8269
854
580
7247
2765
7116
862
1632
1923
8996
2627
4355
7409
8829
505
8054
5246
2347
2394
6620
5923
8298
2095
975
7539
7419
8661
2018
4497
47
4063
9552
1164
2433
4795
2035
2829
9454
7327
4992
9471
4640
2200
4532
3176
4230
9785
6997
7100
9798
9297
9501
3274
4311
4591
5205
6909
9055
3679
2272
5194
8657
3892
7683
883
3455
1371
1094
1634
5146
8559
4000
9477
4084
4474
5730
9393
9372
6109
7708
5118
3887
9290
9320
3277
8343
3219
9853
8368
3822
6950
6531
4878
9193
4260
8838
6318
4652
6470
3403
9813
4003
6728
7359
148
2802
5346
4331
2348
3296
4739
2051
3490
8536
6873
9207
8751
535
2968
6703
5381
3287
3311
4191
708
1003
7930
5771
1469
2729
2861
4854
7500
6558
6621
6874
310
6135
5924
4000
9140
6949
9066
158
2209
6374
2554
8313
5587
7511
9624
9489
1613
3061
8067
6683
2298
8370
9610
4448
5081
8220
1299
4716
2708
6245
4322
8973
2777
4789
9481
4572
7772
673
7922
5967
2036
1089
4612
7940
4591
5865
9317
8978
1280
5407
5029
9782
4339
388
9296
8192
2565
2675
5809
7854
240
3507
7652
6901
7870
4848
6744
1627
3597
9315
6472
3917
8586
3708
2899
698
5425
4259
3674
8619
1440
5983
2017
5937
4049
9293
7270
7644
9458
2569
6254
9063
5578
7034
9447
5240
2018
1462
4489
8830
73
6627
4684
3361
9800
1986
2621
5453
7938
6000
6900
7289
408
8573
1227
7431
1594
1903
899
6375
3841
3591
4490
546
7306
7813
7435
1443
7781
2405
5079
148
7262
3650
7805
5366
662
5642
8085
3389
4331
242
4170
318
3335
2061
5391
8082
4891
2677
4053
3239
9961
941
7605
9633
5779
3496
7319
6226
5711
7626
1754
704
2912
6665
3628
1279
2345
3291
9089
5450
1538
4450
1972
7873
7195
5267
4075
6473
4478
3756
2994
7320
5385
6236
6528
8333
3062
3897
6289
1729
3273
95
6218
3459
1445
1340
3690
4121
7565
8425
237
5234
8678
6709
9493
9981
6846
6012
4703
4216
5161
6446
9927
3461
6570
7361
191
9384
2884
5478
1454
3442
2241
3333
4077
2716
4417
4122
550
5188
946
3013
4292
3637
9119
6806
7458
9516
6114
3666
5081
8104
9863
8513
145
8772
752
2655
4166
6190
3943
838
3385
5622
84
8508
511
5494
5712
2534
1564
5819
9823
5045
2446
1420
123
6911
1517
2144
3657
52
1868
8911
3365
558
6180
6017
3622
4600
5310
5087
7198
7738
1355
8072
2476
4233
52
2991
935
9980
6270
6647
7728
9007
2901
5567
951
3906
6231
1431
794
8150
5978
3404
1259
2391
9974
5257
6872
1477
7077
3634
9017
4345
4679
323
4797
5914
5042
7752
7251
8953
7365
1449
4881
6718
5156
882
7077
3722
3724
6940
7620
8805
5675
33
3071
2366
245
134
5175
9855
2573
5150
8729
9841
8579
4558
5000
6344
1436
5542
4898
1113
5956
8817
5386
2645
9204
6665
3164
6129
2957
9517
5357
1366
2514
1510
9295
9428
8939
6478
7851
6651
4031
1522
2182
2610
9473
2797
9441
7668
2516
9468
1376
5875
4817
1176
6408
6329
1446
984
1416
7798
360
5544
8198
59
9103
5510
2928
