6
1 1
10
7 3
10 5 1 12 9 5 14
200 0
4 7 8 6 4 6 7 3 10 2 3 8 1 10 4 7 1 7 3 7 2 9 8 10 3 1 3 4 8 6 10 3 3 9 10 8 4 7 2 3 10 4 2 10 5 8 9 5 6 1 4 7 2 1 7 4 3 1 7 2 6 6 5 8 7 6 7 10 4 8 5 6 3 6 5 8 5 5 4 1 8 9 7 9 9 5 4 2 5 10 3 1 7 9 10 3 7 7 5 10 6 1 5 9 8 2 8 3 8 3 3 7 2 1 7 2 6 10 5 10 1 10 2 8 8 2 2 6 10 8 8 7 8 4 7 6 7 4 10 5 9 2 3 10 4 10 1 9 9 6 1 10 7 4 9 6 7 2 2 6 10 9 5 9 2 1 4 1 5 5 5 5 8 7 4 2 8 6 10 7 3 2 8 9 6 8 5 2 9 6 10 8 6 4 9 9 4 2 9 10
1000 20
84 87 78 16 94 36 87 93 50 22 63 28 91 60 64 27 41 27 73 37 12 69 68 30 83 31 63 24 68 36 30 3 23 59 70 68 94 57 12 43 30 74 22 20 85 38 99 25 16 71 14 27 92 81 57 74 63 71 97 82 6 26 85 28 37 6 47 30 14 58 25 96 83 46 15 68 35 65 44 51 88 9 77 79 89 85 4 52 55 100 33 61 77 69 40 13 27 87 95 40 96 71 35 79 68 2 98 3 18 93 53 57 2 81 87 42 66 90 45 20 41 30 32 18 98 72 82 76 10 28 68 57 98 54 87 66 7 84 20 25 29 72 33 30 4 20 71 69 9 16 41 50 97 24 19 46 47 52 22 56 80 89 65 29 42 51 94 1 35 65 25 15 88 57 44 92 28 66 60 37 33 52 38 29 76 8 75 22 59 96 30 38 36 94 19 29 44 12 29 30 77 5 44 64 14 39 7 41 5 19 29 89 70 18 18 97 25 44 71 84 91 100 73 26 45 91 6 40 55 87 70 83 43 65 98 8 56 5 49 12 23 29 100 44 47 69 41 23 12 11 6 2 62 31 79 6 21 37 45 27 23 66 9 17 83 59 25 38 63 25 1 37 53 100 80 51 69 72 74 32 82 31 34 95 61 64 100 82 100 97 60 74 14 69 91 96 27 67 85 41 91 85 77 43 37 8 46 57 80 19 88 13 49 73 60 10 37 11 43 88 7 2 14 73 22 56 20 100 22 5 40 12 41 68 6 29 28 51 85 59 21 25 23 70 97 82 31 85 93 73 73 51 26 86 23 100 41 43 99 14 99 91 25 91 10 82 20 37 33 56 95 5 80 70 74 77 51 56 61 43 80 85 94 6 22 68 5 14 62 55 27 60 45 3 3 7 85 22 43 69 29 90 73 9 59 99 37 9 54 49 4 34 34 49 91 55 68 47 69 30 1 47 89 98 50 91 4 34 64 98 54 93 87 26 53 97 76 89 58 30 37 61 15 22 61 5 29 28 51 49 57 3 95 98 100 44 40 3 29 4 1 82 48 39 60 52 36 35 40 93 16 28 5 30 50 65 86 30 44 36 78 1 39 72 50 90 68 89 93 96 44 45 30 91 83 41 42 70 27 33 62 43 61 18 24 62 82 10 91 26 97 68 78 35 91 27 25 58 15 69 6 59 13 87 1 47 27 95 17 53 79 30 47 91 48 71 52 81 32 94 58 28 13 87 15 56 13 91 13 80 11 70 90 75 56 42 21 34 88 89 39 67 71 85 57 18 7 61 50 38 6 60 18 19 46 84 74 59 74 38 90 84 8 79 58 15 72 30 1 60 19 39 26 89 75 34 58 82 94 59 71 100 18 40 70 64 23 95 74 48 32 63 83 91 93 92 58 16 22 58 75 92 48 52 32 22 38 41 55 31 99 26 82 17 17 3 32 40 97 5 39 81 19 22 71 63 13 80 78 86 37 5 77 84 8 60 58 45 100 12 28 51 37 61 19 6 64 50 45 12 6 35 92 76 56 15 90 69 94 19 6 83 23 83 18 31 94 75 27 94 87 54 44 75 15 14 80 78 63 76 89 20 11 33 95 18 47 36 38 92 54 44 74 29 26 92 11 19 18 37 64 56 91 59 31 5 72 62 34 86 90 74 5 52 6 51 69 4 86 7 96 40 50 21 68 27 64 78 97 82 66 61 37 56 71 19 12 43 33 97 80 22 71 85 73 28 35 41 84 73 99 31 64 48 51 31 74 15 60 23 48 25 83 36 33 5 55 44 99 87 41 79 60 63 63 84 42 49 24 25 73 23 55 36 22 58 66 48 72 77 70 19 2 4 54 34 8 60 29 7 98 21 85 9 35 99 92 77 99 16 53 72 90 60 7 11 17 25 10 40 1 79 10 54 82 15 39 90 27 68 48 24 88 32 33 23 82 76 51 80 91 55 51 32 14 58 95 82 82 4 21 34 83 82 88 16 97 26 5 23 93 52 98 33 35 82 7 16 58 9 96 100 63 98 84 77 55 78 10 88 33 83 22 67 64 61 83 12 86 87 86 31 91 84 15 77 17 21 93 26 29 40 26 91 37 61 19 44 38 29 83 22 11 56 89 26 16 71 38 54 9 23 84 51 58 98 28 27 70 72 52 50 11 29 40 99 89 11 94 78 91 77 100 53 32 88 78 100 58 67 53 18 42 36 69 99 85 96 77 6 67 29 55 29 9 94 79 98 56 73 75 46 1 26 98 84 13 28 83 22
2000 300
384 887 778 916 794 336 387 493 650 422 363 28 691 60 764 927 541 427 173 737 212 369 568 430 783 531 863 124 68 136 930 803 23 59 70 168 394 457 12 43 230 374 422 920 785 538 199 325 316 371 414 527 92 981 957 874 863 171 997 282 306 926 85 328 337 506 847 730 314 858 125 896 583 546 815 368 435 365 44 751 88 809 277 179 789 585 404 652 755 400 933 61 677 369 740 13 227 587 95 540 796 571 435 379 468 602 98 903 318 493 653 757 302 281 287 442 866 690 445 620 441 730 32 118 98 772 482 676 710 928 568 857 498 354 587 966 307 684 220 625 529 872 733 830 504 20 271 369 709 716 341 150 797 724 619 246 847 452 922 556 380 489 765 229 842 351 194 501 35 765 125 915 988 857 744 492 228 366 860 937 433 552 438 229 276 408 475 122 859 396 30 238 236 794 819 429 144 12 929 530 777 405 444 764 614 539 607 841 905 819 129 689 370 918 918 997 325 744 471 184 491 500 773 726 645 591 506 140 955 787 670 83 543 465 198 508 356 805 349 612 623 829 300 344 747 569 341 423 312 811 606 802 662 731 879 306 321 737 445 627 523 466 709 417 283 259 925 638 63 625 601 37 453 900 380 551 469 72 974 132 882 931 934 895 661 164 200 982 900 997 960 774 814 669 191 96 927 467 85 341 91 685 377 543 937 108 446 757 180 419 888 413 349 173 660 10 337 211 343 588 207 302 714 373 322 256 820 600 722 905 940 812 941 668 706 229 128 151 985 659 921 225 423 270 397 82 631 85 293 973 673 851 626 386 223 300 641 43 899 714 299 191 525 591 210 582 820 337 733 156 995 5 380 770 274 777 851 256 861 143 580 885 994 206 622 568 505 614 962 755 327 260 945 203 203 507 785 22 843 869 529 190 873 909 959 499 37 809 754 249 304 334 134 649 891 755 568 747 369 530 501 47 789 798 250 991 304 34 364 498 254 893 687 126 153 997 976 189 158 730 437 461 415 922 461 305 29 28 51 749 557 903 795 698 700 44 40 3 429 404 501 682 648 539 160 152 536 135 340 693 216 128 505 630 50 965 286 430 344 336 178 901 239 972 950 290 368 989 293 796 744 145 830 391 683 341 542 570 827 233 262 43 361 118 24 762 82 310 191 426 997 368 678 235 691 627 525 58 615 169 206 359 313 387 101 347 727 995 917 553 579 530 947 291 648 971 52 81 632 594 858 628 313 887 215 356 513 91 413 480 611 970 190 275 356 642 621 434 988 889 339 567 771 285 857 418 607 261 850 238 206 60 218 519 946 784 874 459 874 638 290 484 608 479 758 315 472 730 101 460 619 439 26 389 75 234 158 682 494 359 271 700 418 840 570 364 623 795 174 848 432 463 683 391 293 792 58 116 522 158 575 492 948 952 232 22 538 741 55 31 99 326 82 517 517 3 232 140 797 405 339 581 219 22 971 863 813 380 978 686 537 905 177 484 208 760 858 745 500 912 128 951 237 561 819 106 564 50 245 712 806 935 292 376 956 615 590 769 994 919 806 883 823 983 718 31 94 575 127 594 487 254 544 75 815 714 180 378 763 776 89 920 711 733 295 18 347 236 138 692 154 944 574 329 926 292 711 19 218 837 964 56 91 859 131 905 572 662 634 686 790 74 605 852 806 251 869 504 486 7 196 640 950 121 968 227 764 678 597 982 866 561 37 956 771 519 212 343 533 197 380 322 271 985 173 428 235 41 284 73 399 831 64 348 951 31 574 715 60 523 48 925 83 436 233 205 955 444 899 487 641 279 160 263 263 684 42 849 724 325 273 123 155 336 822 458 366 748 172 777 270 219 702 704 654 934 908 960 729 807 798 721 85 309 335 699 992 377 899 716 53 172 190 560 507 11 17 225 110 540 1 379 110 54 82 115 339 990 427 68 148 224 788 232 533 123 282 876 851 180 591 255 351 132 814 858 495 182 82 604 721 434 983 182 488 416 297 826 405 723 893 552 298 33 135 182 507 416 58 709 596 1000 963 298 484 777 155 978 310 588 933 383 22 267 564 861 683 212 686 87 286 931 991 584 315 477 117 821 893 526 529 840 526 491 137 361 619 644 338 929 583 622 311 956 889 226 816 571 438 854 9 723 784 351 658 98 828 127 270 72 652 150 911 529 640 399 889 611 394 578 891 977 200 553 932 88 778 100 658 567 953 18 642 736 369 299 185 196 777 806 267 429 955 529 309 594 279 198 556 673 775 446 1 326 998 284 413 128 383 422 694 335 440 335 422 160 986 958 355 762 763 973 542 717 853 851 663 483 400 218 155 174 16 507 852 365 791 264 492 173 38 538 860 829 872 281 988 857 591 342 971 353 666 512 70 518 362 84 352 113 301 507 639 668 365 490 33 155 105 876 680 142 413 539 970 637 171 957 845 761 650 815 466 315 327 887 184 40 970 536 153 622 394 791 290 110 632 674 265 736 549 296 878 314 834 199 950 356 156 794 469 157 961 934 824 287 172 359 678 141 246 182 762 991 324 51 101 955 76 365 43 625 660 920 290 845 470 239 552 977 384 20 134 344 305 957 982 476 667 12 968 913 193 730 903 869 132 3 175 208 719 217 184 378 488 473 574 958 63 126 934 798 497 419 142 154 727 475 981 394 486 949 306 31 30 560 899 161 563 425 720 281 642 903 11 481 727 584 790 141 709 724 939 558 494 432 711 221 906 691 614 392 639 271 422 668 830 672 181 744 96 900 25 89 155 387 570 233 970 711 374 31 434 664 588 280 95 650 500 352 340 465 743 331 87 516 350 916 187 882 12 635 134 388 723 288 774 644 520 743 355 245 125 140 260 64 419 354 713 270 706 405 734 800 735 820 316 436 88 854 670 451 488 803 838 563 90 611 206 961 705 912 558 830 404 817 893 822 523 606 444 580 362 529 379 448 701 46 883 788 900 552 590 387 354 427 949 795 37 507 108 93 418 665 922 821 481 167 995 355 124 438 934 485 318 313 932 18 710 166 157 609 70 746 996 423 172 296 570 560 802 677 653 572 341 926 744 173 92 90 528 567 879 813 51 197 125 334 214 187 500 371 795 569 116 142 343 640 438 264 199 591 940 203 514 632 129 258 805 572 347 684 139 226 496 541 422 973 227 635 159 726 357 953 646 473 447 340 112 884 604 662 826 543 217 340 175 345 597 331 268 295 14 758 520 861 651 293 833 877 280 991 954 636 296 599 108 742 938 571 977 541 585 802 84 801 493 610 497 441 940 764 736 305 874 607 165 524 252 350 752 531 340 705 166 987 303 626 80 592 548 408 485 132 562 920 932 54 529 428 495 820 544 582 124 769 188 640 644 439 989 395 321 681 99 487 19 753 464 99 696 11 506 180 143 67 99 426 473 979 854 967 798 749 548 273 517 87 913 160 878 901 554 198 933 4 36 952 108 499 50 155 862 907 335 4 326 785 429 798 764 634 116 561 382 15 186 898 101 98 409 330 350 314 880 635 317 915 586 776 766 987 931 627 893 617 630 570 753 410 367 516 396 834 429 777 848 614 27 301 63 787 630 764 101 509 398 417 776 983 545 541 321 827 519 566 795 500 135 547 909 854 63 304 687 843 433 535 808 811 835 870 597 816 985 697 325 383 466 452 717 362 344 38 188 862 603 982 361 89 880 621 942 294 925 629 136 709 163 943 871 997 164 467 812 501 516 488 235 333 291 951 694 634 340 881 495 294 214 855 383 445 476 324 739 752 952 874 812 466 169 682 814 684 500 978 536 15 465 770 347 108 73 392 741 412 624 588 58 837 794 440 282 621 115 372 372 419 597 535 884 765 568 698 801 68 675 336 434 491 458 133 950 530 524 691 293 148 630 350 336 423 141 969 44 256 340 767 26 937 654 261 53 221 958 205 288 984 541 722 827 998 206 128 879 729 170 171 228 799 521 564 222 661 884 617 268 224 383 293 512 36 554 564 609 863 769 896 199 661 969 377 10 174 504 888 255 674 58 482 824 930 397 45 943 281 13 210 856 748 855 367 135 760 282 743 974 402 639 172 414 959 900 423 485 756 662 91 781 72 924 604 1 321 1 943 953 13 505 808 760 359 526 895 118 159 637 91 561 627 615 974 938 866 749 422 621 410 864 401 833 787 5 834 459 357 128 411 369 632 570 129 342 447 375 459 606 11 902 166 990 868 491 927 733 239 700 706 1 563 458 833 349 462 18 808 170 498 570 539 129 140 19 471 586 393 281 543 755 534 708 744 401 551 22 486 789 721 191 141 635 648 326 984 462 695 143 631 192 64 521 321 555 539 143 493 931 423 35 686 309 95 781 709 645 803 546 785 523 88 926 158 736 603 493 549 297 987 531 841 50 52 513 957 590 655 449 873 429 483 558 89 577 338 798 221 140 695 6 15 783 283 524 870 237 16 418 885 354 300 725 755 351 237 711 293 243 159 165 24 642 722 112 570 411 261 791 903 956 148 917 90 782 440 959 18 807 376 902 512 675 979 266 378 567 977 670 162 135 834
2000 100
555 889 606 112 500 625 250 194 851 855 570 999 639 928 484 778 643 58 288 493 498 45 276 117 851 649 166 551 201 369 791 387 356 534 965 43 938 426 195 543 715 966 582 750 754 229 422 927 651 97 719 207 434 634 42 13 481 445 434 789 720 755 73 459 142 973 120 19 950 191 282 539 41 275 201 463 282 993 3 127 521 962 481 383 557 107 903 947 740 761 475 791 178 694 146 24 982 568 451 235 377 676 218 402 241 510 595 467 58 761 995 915 566 846 734 826 13 432 840 374 658 71 144 394 932 746 253 320 404 855 582 795 943 501 725 926 590 548 833 446 691 217 568 417 984 223 680 169 239 977 9 816 349 418 174 611 216 956 256 237 722 961 545 764 912 555 493 603 737 188 158 560 64 18 260 161 737 923 878 488 551 740 775 56 977 503 505 278 885 492 564 273 912 29 47 832 893 929 313 497 199 128 394 267 527 765 905 926 110 295 87 719 184 433 127 776 502 155 731 917 807 352 108 329 983 882 827 368 946 191 286 6 978 586 430 157 923 605 130 661 876 350 432 66 691 510 561 747 682 858 148 995 365 567 810 985 376 575 102 996 896 487 238 323 995 529 265 800 606 688 538 693 954 191 109 583 744 829 942 628 760 72 960 770 31 159 628 858 45 97 859 681 827 456 106 669 790 159 463 240 738 697 41 824 514 959 236 956 939 695 582 236 190 199 541 902 641 239 255 275 981 272 134 663 434 778 682 970 979 272 217 985 40 385 1000 277 76 839 500 38 662 132 958 327 997 126 670 112 256 611 206 271 580 178 590 425 212 229 499 358 979 536 438 572 339 913 703 484 174 864 708 812 96 473 509 337 995 36 79 24 75 694 629 684 874 867 935 477 489 790 583 991 199 752 432 926 733 533 147 330 39 569 63 775 374 953 250 456 963 963 60 804 70 991 401 504 353 806 382 526 661 593 316 581 309 424 463 888 918 777 326 825 280 857 280 367 170 422 753 813 918 791 394 156 530 367 567 280 483 711 414 769 310 539 187 710 972 251 290 539 69 260 39 178 211 661 28 348 935 237 828 593 429 534 698 199 498 486 948 734 536 644 293 433 124 202 746 359 703 589 581 629 802 658 129 753 139 674 435 409 808 810 173 467 372 522 309 11 94 786 677 53 230 476 296 703 746 765 796 262 615 467 386 717 485 589 822 770 118 539 173 591 950 798 11 184 788 651 324 316 846 299 969 229 175 950 417 848 631 98 509 535 982 800 387 831 418 955 592 288 265 164 252 782 213 711 200 11 396 404 976 777 340 356 376 503 447 827 918 298 943 123 897 344 423 231 211 915 881 567 934 422 818 655 874 316 986 686 418 479 101 60 37 304 158 212 487 642 981 746 442 927 780 413 429 843 131 423 689 859 24 794 323 644 516 404 10 795 599 138 131 940 567 404 569 328 14 206 135 196 780 299 262 68 914 472 593 958 61 632 858 847 903 213 765 918 651 742 219 906 809 487 247 182 196 250 709 243 782 552 293 59 440 988 265 464 283 735 836 370 810 641 481 508 408 241 296 492 390 801 516 104 393 620 413 916 120 567 710 169 339 55 746 305 619 691 887 452 906 254 909 416 954 250 348 104 640 169 216 288 732 459 727 990 477 688 400 672 192 488 853 358 91 679 40 881 393 853 583 250 742 339 592 157 481 593 264 81 629 449 158 354 563 182 887 40 746 431 507 930 429 607 116 212 227 694 893 314 833 725 206 314 585 162 998 747 701 684 500 790 264 678 686 754 161 73 481 504 949 54 447 125 591 617 551 78 102 421 649 441 815 609 755 862 747 834 328 147 542 440 674 430 300 87 410 111 492 932 928 559 509 913 628 691 655 783 507 141 260 661 233 224 730 550 105 977 443 324 18 783 795 596 359 131 439 696 369 567 752 812 513 662 996 785 953 711 366 788 662 287 139 749 18 558 633 339 61 447 341 761 223 886 332 396 573 539 559 38 896 505 466 244 828 845 92 190 73 393 957 41 278 710 674 108 304 739 44 613 199 6 182 10 102 759 644 853 305 568 357 132 311 82 759 117 568 181 178 18 773 689 603 929 866 751 979 879 952 660 424 446 153 63 306 779 383 859 555 488 83 675 224 464 363 160 991 730 973 281 727 376 564 55 189 928 760 193 759 817 3 468 738 583 405 140 691 370 954 732 273 261 998 363 58 309 309 668 226 912 655 511 492 506 108 678 998 142 537 826 922 50 825 334 329 428 362 430 444 801 678 541 760 815 372 483 663 191 787 311 990 500 426 348 152 235 776 894 56 730 561 351 912 487 965 108 84 386 918 790 950 677 548 394 847 445 819 845 42 446 989 898 912 803 228 16 656 65 208 873 992 552 65 882 338 162 56 660 846 741 943 989 299 181 47 118 106 935 490 655 208 738 660 743 206 613 237 608 503 898 396 83 29 828 187 154 135 463 276 429 303 937 611 699 359 376 628 775 91 26 684 472 959 346 371 641 889 2 208 183 210 354 862 296 785 665 181 563 823 534 102 860 242 698 526 648 857 446 983 800 391 594 640 235 889 219 300 20 199 348 210 452 980 16 951 113 640 196 960 955 614 88 557 717 864 788 290 734 645 231 990 530 172 235 255 116 361 439 724 675 454 52 255 655 537 539 83 271 445 131 774 858 158 284 100 516 955 77 184 397 433 344 617 871 790 358 921 179 792 490 164 102 792 815 298 110 484 409 75 261 563 587 431 309 591 606 423 411 560 386 245 318 603 73 812 162 903 670 462 964 288 851 352 478 300 256 966 221 599 738 405 997 653 558 766 753 707 950 662 448 101 960 924 501 680 33 545 744 19 109 468 214 550 636 899 682 681 339 678 338 107 426 698 46 200 89 710 889 84 848 641 62 293 401 437 316 670 943 958 828 661 446 586 869 217 278 712 469 552 352 349 475 764 760 19 128 801 150 466 306 458 225 990 309 248 925 126 19 711 915 297 822 895 814 689 315 85 763 663 293 753 150 960 940 973 824 740 312 475 653 963 806 691 268 108 773 903 440 241 82 715 35 899 199 821 80 388 785 74 458 38 482 327 658 248 742 540 737 571 285 67 804 269 699 359 429 273 863 187 769 524 244 773 946 907 40 261 485 643 540 737 941 998 598 423 590 856 349 791 605 512 663 732 812 93 939 406 438 837 27 81 240 296 451 178 237 662 83 494 423 37 560 247 775 448 569 5 519 658 20 992 32 471 770 520 873 203 272 133 352 967 970 142 132 404 413 753 783 917 202 577 82 153 128 902 900 592 487 560 261 12 264 990 214 143 928 391 21 739 716 406 180 211 410 137 958 816 217 5 525 507 775 575 460 614 149 331 277 916 722 909 352 512 184 344 976 720 943 871 869 635 206 7 921 657 316 187 809 632 917 86 469 861 192 876 875 580 654 594 967 181 742 746 79 83 441 87 691 310 666 669 452 168 906 194 70 134 332 764 950 937 352 722 857 546 763 50 425 771 608 717 920 389 490 642 54 661 846 922 584 68 932 918 330 381 562 541 880 71 523 58 327 471 767 974 81 185 548 863 612 342 236 260 477 107 429 347 549 326 862 992 683 605 486 207 700 802 784 299 371 879 87 194 781 665 292 509 725 226 930 298 821 721 153 487 139 428 795 291 549 430 667 725 866 836 522 727 236 645 734 670 503 658 452 933 733 881 945 659 584 588 311 167 219 764 571 751 450 561 499 486 897 936 350 984 414 942 351 563 670 732 178 883 511 44 138 456 258 960 787 900 133 390 387 872 68 539 131 328 67 483 385 43 361 793 988 614 735 918 588 872 722 722 555 271 940 230 998 238 835 970 177 432 291 192 824 216 494 141 988 841 841 238 306 993 295 908 341 364 362 79 240 297 572 629 804 673 29 832 75 14 886 257 183 110 590 681 923 785 261 654 256 592 952 730 29 240 148 119 547 74 112 591 497 227 586 895 52 340 369 256 383 357 86 492 611 742 662 222 313 725 807 213 794 928 15 700 233 314 461 218 877 185 737 797 747 980 173 850 874 427 198 475 509 368 347 383 956 307 895 254 787 953 645 552 361 185 553 706 46 808 119 359 166 188 479 511 795 744 305 902 573 185 255 633 19 317 418 531 837 744 258 883 69 836 428 253 713 11 255 985 547 342 454 605 507 68 277 285 216 538 291 993 530 982 36 689 332 307 609 255 515 303 744 990 44 247 721 988 497 182 25 887 574 202 583 848 996 933 441 506 497 130 307 50 160 708 889 769 712 878 162 181 486 49 33 844 568 673 161 356 292 182 95 628 693 646 170 762 684 792 501 290 609 479 194 739 2 908 341 575 624 349 754 351 64 160 392 641 250 655 662 866 895 234 169 658 235 20 364 175 672 216 719 568 826 37 63 260 40 994 318 773 749 618 159 43 826 416 491 268 686 531 104 395 816 267 919 579 45 422 495 516 59 990 581 473 865 473 719 60 503 454 813 929 469 25 673 772 270 768 37 343 88 611 190 351 748 880 173 903 817
