3000 3000
2481 972
2488 972
480 972
350 2481
2921 350
2237 2481
2757 972
2076 2757
1428 2076
172 350
349 172
634 2757
81 349
2504 480
388 972
1151 81
2649 172
743 349
2136 2921
1792 2481
937 480
116 1792
2638 2504
511 972
2678 634
50 2678
1656 349
1187 511
1478 1656
2503 2921
2096 388
2072 1656
1645 2488
711 172
2674 2136
1577 172
2200 2488
280 2678
1044 2072
1726 50
865 1044
2522 1044
811 2481
1390 2638
1129 280
2936 2200
1349 349
2950 2200
1437 2503
533 2522
1123 2757
2541 711
332 2950
380 972
2811 2678
830 1349
1331 1187
11 2541
2537 634
426 480
1532 1792
2520 2921
661 81
655 2096
784 2638
2331 2950
1010 2200
1895 784
1633 116
1733 2674
130 2331
1796 2649
2267 533
1510 2921
2400 2541
645 511
2544 2921
462 511
1276 2544
2432 743
1228 2096
2433 2072
1485 280
2220 1228
2471 533
2303 2481
1670 1276
864 2400
376 480
2325 1670
2705 1428
504 2649
1782 50
355 511
2167 2471
1888 462
1930 1187
2122 1782
2242 2757
272 2220
1017 2649
38 2072
276 116
2672 2520
323 2267
2687 1733
39 972
2728 1010
2150 2303
2062 2481
2984 1187
72 1390
1348 1888
366 2503
2895 2728
2155 38
2675 2471
2022 2672
329 2242
867 1129
1282 1895
1188 2687
1434 2921
1598 1434
2419 972
2998 864
1858 2072
935 2675
1659 39
2810 355
2892 1726
2815 376
529 2150
2273 645
400 280
347 2675
230 865
1206 2998
2688 2200
75 937
2279 1428
2081 511
1856 2674
1352 2503
725 1645
906 39
2702 2895
1631 388
767 2471
2173 380
764 1796
2753 2167
1840 276
229 2062
2905 1577
1062 1123
2682 130
22 1044
1021 2811
1513 1151
875 2279
193 533
625 2757
577 355
1484 2279
1958 2541
1664 2705
1045 2167
1315 388
2601 937
2733 1331
2746 2220
669 1577
880 533
1038 172
1743 811
2180 2242
1738 2810
940 725
1894 130
393 1315
1488 830
2446 480
1052 1670
2143 529
2529 2678
2111 2150
2809 272
324 972
112 669
2163 1659
1474 1664
1761 2096
27 1645
1723 1390
2640 1856
1979 625
2575 1428
1575 972
93 2529
799 645
2208 350
898 2208
2946 2200
2969 1723
1914 230
1905 2810
993 1151
1133 1726
2908 864
2398 2220
973 393
2336 1895
879 533
1253 2753
1953 2984
547 2811
1617 830
696 1664
1239 533
2264 1656
544 172
2448 973
1880 2601
135 2969
2916 767
2491 1348
2552 2998
1912 1880
2738 577
2826 2504
1161 22
1966 2503
808 2984
594 1478
2278 324
10 2984
1741 1726
2444 1631
929 2529
1737 1062
1096 376
2860 1315
1326 1052
2703 329
2006 1633
1037 2638
2709 2811
797 2303
2101 1276
1587 929
352 993
713 669
653 2892
291 2809
2676 50
1585 2220
750 2537
164 880
274 867
531 323
2519 725
1369 1474
1765 1513
174 1369
2576 2746
469 1017
1935 531
2619 2733
2804 2448
1031 1282
1669 1631
1974 764
1519 2173
359 1914
2205 2096
672 2676
1749 2537
314 324
588 1188
1152 1519
1110 276
639 1428
2515 324
2342 2984
2068 880
2795 2757
14 711
2536 2068
227 1478
2113 2908
1534 2446
2862 2336
1013 696
17 291
2077 2336
2365 2753
1514 830
1857 1282
2363 2946
220 1021
2965 2076
554 469
2990 2601
1499 2163
126 1888
1641 1738
992 1738
322 1133
756 2687
1328 1129
460 1765
1440 2998
1344 2544
1699 1485
2662 75
1662 2279
2784 764
1089 2969
2048 2325
2755 2515
1549 2753
2174 1488
441 480
2097 2419
510 2113
2269 329
1693 1858
736 1331
9 2136
776 1331
1393 355
1591 993
638 2448
1791 2419
755 1575
1117 2892
2880 2682
2360 376
917 529
1678 784
277 653
1661 547
2316 39
815 713
2088 1966
1084 764
478 1656
160 2504
106 655
2044 669
631 1514
417 2360
734 280
226 2576
477 220
2508 531
266 2601
2872 1656
1873 1792
869 898
975 1765
2659 2675
2884 1633
2888 1765
474 226
2679 1741
1090 2969
2060 1344
2351 1062
1176 880
1694 2862
1490 2060
1389 126
685 1782
2873 1037
1742 2969
1100 112
410 2520
2797 1935
377 1741
1482 2444
1424 1912
1520 1519
2240 1670
1400 2705
691 639
1051 417
1272 2446
1992 1953
1039 937
2319 227
1919 2096
1071 1914
1158 2044
1681 2998
434 2491
2845 478
6 2150
61 1428
2196 352
578 1176
1095 767
540 2167
793 906
812 61
619 112
2245 1856
2595 2676
2569 2331
842 112
1009 2273
403 417
919 355
379 2998
364 2060
346 1519
1913 480
2037 1133
1203 1331
1692 1009
905 2237
464 2728
1887 323
882 352
555 1389
2064 1206
2734 2365
2524 2815
1078 1894
912 2872
353 1692
2556 2245
2871 555
1201 1791
1932 2273
2988 1694
2548 1669
2807 2537
1064 2880
2547 1857
1199 879
218 1699
416 410
1865 764
2767 1199
1571 106
2204 2619
2030 1348
1384 1440
467 2556
2223 2101
2333 1206
1274 1474
2930 992
1862 1282
78 1051
2607 410
1260 1520
726 2873
1134 2240
2690 555
614 917
25 355
2352 1096
593 2076
2574 2096
29 2733
1554 2060
2239 1514
2561 919
2579 875
2719 2333
855 1681
271 661
2987 2561
1611 2552
579 776
435 1203
927 271
2017 2269
971 72
899 711
415 1331
2673 2936
2983 1434
2226 1437
1841 1188
2308 2702
181 403
1832 2983
2538 1206
1034 1161
1330 2795
2512 2174
2742 474
159 691
2025 2022
633 1187
418 2888
486 379
1196 1434
604 1187
86 639
1047 277
1131 2687
964 1699
2401 2180
1016 1089
569 1274
2890 2519
1236 1090
1703 1490
989 280
269 726
2658 86
2391 1428
1281 314
1924 1520
795 2888
796 2561
2417 1064
932 2595
1920 2890
871 1045
2197 504
2219 1095
2443 691
818 2491
1904 2687
2793 725
598 1737
2848 2519
1099 1393
155 2619
1978 332
2714 1532
861 2025
1246 1384
896 1857
1391 2619
47 1992
1679 347
522 726
674 1641
895 1096
527 2767
1006 1659
974 1440
2526 2522
1854 467
463 869
1489 1862
757 1017
2296 1315
2376 974
2468 2037
1781 793
1595 1161
563 2811
1750 2060
2458 426
2362 588
1655 1384
485 1161
860 322
2968 2810
2 919
420 1016
1827 756
2726 1331
413 1437
2989 929
1097 2417
770 322
1625 1315
1169 1920
1707 1856
724 757
2359 770
945 2541
1306 972
375 725
1708 2936
1295 1096
259 674
1691 11
2217 1737
2082 467
1417 2017
697 992
914 2239
2328 22
2841 1591
1685 547
1731 1260
1724 1894
1876 2220
1254 2267
2091 1656
561 2163
1881 2504
1583 880
2121 93
2083 2888
1907 2448
1615 269
499 17
2555 426
2395 645
2144 417
1607 2607
53 1090
313 1854
2715 2219
275 2155
2953 815
49 11
16 1992
1909 2273
1900 1062
1360 1078
2722 22
351 940
494 869
1093 855
1231 1010
2288 2640
354 697
2078 1554
412 1131
2606 577
889 1749
2883 464
2818 932
1213 1750
1996 865
2562 2064
942 1236
946 971
2179 1090
448 1625
1255 945
251 561
1939 2658
1541 1692
949 561
64 2273
1197 764
2629 842
1046 971
2775 135
665 1598
897 1016
550 417
1688 1417
1778 971
1278 351
2093 2638
1825 2601
1491 510
785 940
2281 274
1530 2155
909 2916
1779 711
140 351
2945 1854
2247 989
859 917
2277 937
1138 346
2210 1708
910 1071
2571 2245
1137 793
1603 2873
2329 2629
2657 2081
2813 2755
983 1095
1230 2179
1684 1920
1802 638
1640 2784
1094 898
1377 2574
2935 1117
2922 417
2300 2841
188 159
1671 1206
267 2363
1125 2524
678 1389
2349 1796
1022 2223
2039 971
2203 2705
1121 1912
177 1093
1339 1100
1846 22
1799 2987
1649 1485
372 1169
1496 1670
1055 896
2255 2841
984 78
334 561
773 1282
903 1514
2587 672
803 1006
1155 1932
1135 1625
1771 1577
2258 274
2670 2247
1542 350
968 533
2724 1694
1687 478
2954 859
2343 2688
45 669
2309 2443
2966 2144
450 2122
704 1093
1901 2101
528 631
643 2443
518 1749
273 2359
649 1369
2592 81
1899 1348
2232 1339
1630 914
2043 1352
1783 229
1713 2247
2749 2022
1718 1904
694 1724
1363 2093
2216 973
2917 1100
967 1133
194 126
1166 1587
2560 2025
492 2871
88 441
1566 861
792 2143
2980 140
166 2288
471 1881
1721 2688
2631 869
2033 1117
2431 2101
2802 1713
1843 2880
2405 75
490 273
1323 1391
2909 2446
2975 1513
2003 1873
1458 1782
122 2813
2912 1488
2495 2541
1529 2797
2594 1939
1270 2077
2222 355
781 354
628 2448
189 2208
2134 2179
2543 2672
1105 2432
1063 1201
2338 2587
1148 1330
637 795
2723 1213
1250 1203
948 1306
2177 625
70 1151
208 1424
1175 450
1380 1323
2646 2503
823 2279
1527 1272
2130 2575
680 2672
472 1137
1486 2239
1234 1510
2530 2245
1209 2679
34 88
12 1016
1216 1260
1838 2325
1446 528
763 2217
1347 1138
1178 2530
84 2687
1803 2984
581 2682
714 1510
1568 1137
1540 1369
2257 2247
281 880
1548 975
1503 1691
1785 281
2241 1484
675 474
908 1063
1441 2975
850 909
2123 1721
1739 1914
1153 1090
1164 2279
1115 164
872 1841
874 1203
2141 2908
306 2022
409 1326
149 1749
392 1115
705 2809
1639 1749
636 2360
1523 2025
702 815
1268 177
2460 2022
1665 1803
1266 1803
1049 2458
1535 2217
1608 593
2234 1633
583 267
101 2574
507 140
2534 593
1365 1607
1237 426
2731 2541
761 830
1672 400
1646 919
1709 2419
2104 2601
1502 2278
2457 266
1627 474
153 174
196 1360
2138 2150
1082 1428
2565 1534
2605 1713
2323 2946
2318 1474
1477 691
41 1738
1734 634
644 1161
1507 1199
2459 665
1714 2935
2653 351
2603 917
1740 1724
1102 1446
2100 38
333 2319
688 1914
1381 462
2992 1765
2357 697
1060 1542
1716 2303
1015 413
2978 2749
373 860
33 1046
427 912
162 499
2882 680
1764 1924
2193 2880
304 756
1312 1234
1536 1152
950 2240
1033 1708
851 2734
2863 812
635 372
1023 803
2704 1661
1506 906
1501 1339
432 1213
2354 2150
1000 2241
1101 2134
2487 2722
2948 696
519 1708
825 2226
176 354
1642 2150
2994 2143
2567 583
1949 1228
1647 2560
2542 1484
505 2319
2904 259
121 1037
1202 1771
1582 2288
1570 2571
2957 882
367 2569
1421 1045
1844 420
1085 1661
1388 2130
1574 2921
1402 1155
452 1045
28 967
1086 272
1823 793
630 563
2976 2072
1768 1148
2949 861
1024 1125
2322 2
325 1840
1172 1992
493 2872
616 635
2188 1585
1810 494
1572 714
788 2245
2832 2998
310 1726
873 417
1650 460
120 1166
2551 871
1436 850
1533 1661
1378 1742
2625 1844
239 2167
1746 329
2801 367
739 1196
250 1102
4 593
907 1858
1139 1352
1800 792
2898 2333
279 2659
438 2331
1455 435
295 635
1775 872
596 1527
656 882
2213 2565
1351 1369
676 983
1701 949
660 2562
1567 277
1616 1615
1464 88
1211 1038
2633 1490
2270 2210
68 518
2238 2592
143 2935
2727 1726
1463 940
2881 1090
1469 2871
2979 2242
2289 1693
225 1687
985 1583
1226 2458
749 2810
2315 2077
2510 2093
1404 2657
298 276
2290 678
539 2936
2963 34
368 909
729 519
709 11
2669 1482
1284 1703
844 1137
2492 2992
595 2690
55 1514
2184 968
2483 1694
468 518
343 416
893 2077
1410 972
1795 2601
1304 2290
296 544
1538 1095
2745 906
2061 2296
83 1152
262 1260
768 143
1618 2333
43 860
1113 851
2831 2873
386 2270
1531 392
1215 1236
838 628
2169 907
1136 2257
642 375
169 72
1111 2881
1717 1703
1448 713
2182 694
787 2848
1508 1765
1431 1187
307 1086
2485 1603
2358 539
1019 271
2079 1326
2086 271
2422 1838
542 1463
2696 313
2394 310
2115 2709
2828 1791
2870 2237
1141 563
536 441
2622 1315
138 34
2261 1844
305 2365
952 17
1157 471
1472 188
2494 376
46 1520
1399 1389
1444 1899
2693 2753
2146 2726
1300 2988
586 656
1456 1085
1526 2551
62 46
646 329
1770 1446
1394 2676
65 992
2932 2270
1120 14
1776 2318
2610 2503
1790 188
546 1161
1987 2083
904 2696
104 795
444 561
1636 803
2637 2950
1232 367
2642 1718
1317 1567
1592 2950
394 452
458 2561
2154 968
2654 899
2780 859
2781 2676
56 989
1638 1399
2896 2184
142 1571
1747 2510
587 2953
2853 704
936 2606
2613 1111
2789 291
2272 269
315 2731
2024 2828
2944 2530
2962 2358
2577 354
2849 803
617 844
1891 1049
1564 1164
2427 674
2368 1239
1194 1625
2181 656
887 2968
1465 271
2747 2687
1833 1718
568 4
2778 929
1963 2288
203 2674
258 2351
1947 448
1680 1096
1559 281
2439 1529
301 2849
741 1650
798 1485
2570 504
2118 112
648 329
2233 1047
1026 172
2108 6
2089 2613
2559 2269
1223 1662
1059 2141
2002 196
1443 867
1722 135
54 2895
2211 1155
156 1328
1809 2134
151 208
125 193
744 2290
1183 143
337 2676
1054 1708
516 896
651 2446
2403 581
2894 1369
209 1158
2942 1281
2553 1428
161 2331
439 2966
1962 631
2353 505
1745 162
2913 1123
1225 53
2147 2237
1142 305
2523 1633
1875 1148
1314 11
751 1250
2047 2966
1423 1688
370 1349
1438 1693
1610 2267
449 2179
2699 464
2593 323
2639 2272
202 2211
238 2565
1990 2078
2788 2290
921 1388
2040 1638
821 372
2275 1315
361 2788
1419 2081
1760 788
1623 449
2947 2818
245 400
1118 1347
2875 750
2445 1455
186 539
187 441
2589 1226
321 2331
1604 1188
167 1458
2262 1323
786 546
2382 2448
1068 2144
575 808
666 756
1066 1391
920 2258
1599 2672
775 2883
2652 646
2513 2983
2178 138
1942 2657
2038 1019
2380 1089
2769 1532
762 2702
622 1223
256 568
1427 2354
500 2395
2286 2443
453 2318
1375 2091
1601 169
1335 450
1168 2223
2244 347
969 1799
1834 2678
1804 1064
1302 410
133 2351
1807 2241
2717 2561
2271 950
673 2826
840 811
1605 973
1076 1421
2701 2226
2235 2211
1954 2551
2663 225
719 164
1576 202
837 354
995 486
766 635
466 1456
1439 547
667 9
1815 2987
2429 354
2712 2242
1877 2193
1697 353
357 1284
2153 905
523 1691
2243 1530
2105 2193
1921 2913
2172 2136
2116 2613
1028 1587
562 1033
2476 2352
1866 2277
938 1446
2771 1037
1320 1778
994 2333
1003 1278
1619 2954
431 1499
602 1568
1878 2077
1970 636
1414 875
2581 523
1819 2813
2371 2097
715 2570
1931 974
1956 2543
1293 220
442 258
2761 648
2596 1633
774 1465
943 927
2961 1707
1307 2508
1872 665
1241 1841
1186 1894
1061 1375
253 1625
2683 1792
1696 1009
2198 840
1180 2380
2868 2155
2840 1636
2231 2242
2928 528
1893 1680
2874 2544
1622 1832
1797 1901
257 1854
2369 2030
459 842
94 1825
2008 1645
1387 631
51 1331
2532 897
894 2848
2009 1636
1171 2333
2058 1013
2214 2471
1590 511
1798 1605
1839 993
2209 993
2320 2076
2227 2589
2092 388
90 1513
286 1282
1917 1051
1227 55
82 593
2911 2872
2557 2203
1945 275
1030 1904
1984 1153
1327 673
2967 1090
2582 1044
1291 2863
2310 2238
816 477
2760 694
454 417
752 2523
2456 1954
1493 2209
331 602
1663 2395
244 2483
1462 266
115 1783
1620 586
1558 756
1934 2560
79 1791
383 2642
2743 2288
829 12
85 441
708 1742
2765 2745
2598 1942
2776 1444
2586 159
2314 43
514 1783
2230 258
2260 2703
1354 705
2345 1142
67 1679
2819 2948
2836 291
652 2662
2461 186
760 1800
282 719
990 968
2886 334
1944 550
2014 2154
406 2804
2330 1410
489 1979
2248 272
1528 64
1552 637
407 1437
1467 1312
692 478
2463 357
191 2895
1159 577
2007 983
2276 644
348 1622
2497 1302
690 2947
292 2662
2786 1281
745 2912
212 1598
2191 1807
939 2329
265 1856
1805 186
2414 2845
236 2043
847 2767
1420 637
40 492
2187 2637
2500 474
582 2908
1395 2998
1822 1402
1940 660
1220 1474
300 1404
363 46
612 1647
1766 1137
982 638
455 486
2340 1399
102 226
2955 1717
2684 2025
2477 1914
699 82
1955 510
687 2654
2578 2556
2125 904
69 1213
2866 943
2893 1506
2506 1349
2194 797
107 774
1852 642
1725 533
163 1687
1748 1472
1648 1404
832 1691
1969 2819
1283 1708
387 2619
1070 2719
2486 2219
2737 1659
1382 1856
1965 1703
1808 2079
951 519
2206 2130
1386 2809
1555 244
1989 2826
1008 1540
2691 729
852 2093
1470 628
1853 562
615 1746
1851 2405
2632 2687
1036 905
2865 1444
2617 1250
1449 2320
270 1900
1728 2261
753 1023
1700 2003
1849 1724
650 2136
2137 1478
2018 1646
428 1875
2218 1823
1874 678
915 1135
601 2733
1614 766
2822 2433
1787 314
214 2728
246 2316
1755 271
491 46
870 1046
802 729
981 2767
1812 2204
339 2541
2977 225
682 2188
2475 1891
613 2969
2919 236
2854 367
640 648
2402 874
902 41
789 2617
1346 383
1850 2439
204 908
2385 1564
136 2738
2891 2255
647 989
128 2463
2031 9
1902 323
2298 971
2117 1726
901 1220
772 2136
2973 829
1126 2260
1814 1133
1762 2998
2609 1377
548 361
255 434
2152 1064
925 246
447 656
1011 2905
1116 4
1106 1669
124 1260
1774 2289
2332 816
2207 1431
641 1231
1890 1455
2590 1090
32 2731
881 2932
152 176
877 2831
806 601
2482 829
287 787
934 435
1264 2009
316 939
2066 2237
2615 46
1667 1792
2295 1630
1495 253
2855 690
2119 386
677 1692
2568 838
2856 1779
2110 2267
1114 1019
2718 1684
1233 2097
80 563
538 1346
1165 1681
2549 1770
1544 1718
2791 1028
2128 2578
7 799
1968 1106
185 403
2094 1590
117 2587
700 2905
137 1138
1657 269
1454 2990
564 1799
2558 361
1521 1659
139 2194
1425 2007
1757 1856
2768 2809
2666 273
2451 2840
2958 1968
1959 544
2408 1974
1658 1678
1847 697
718 1760
1915 2629
2069 2701
1429 426
221 2315
1871 2273
2798 651
1517 860
605 29
1705 840
223 825
2527 990
237 1574
1651 561
2042 1691
1581 773
2680 2574
424 80
2843 2503
2186 1078
268 1519
663 2802
2493 951
1337 2640
2600 1380
2645 352
1820 2603
2546 2069
2514 708
382 189
2142 2002
2588 2349
2563 1115
30 101
2467 464
2941 1022
1342 354
1943 2548
1407 994
92 1966
1077 274
2627 2600
2861 1614
488 1427
737 1733
2032 830
2080 2722
443 2187
978 921
2299 2854
1948 2417
1981 230
988 2788
404 1645
866 2200
2452 142
1167 2723
1597 455
294 444
385 893
2366 714
597 1120
2373 255
178 1253
2410 1227
2651 1633
2772 209
2741 296
2388 2146
607 2990
2887 1429
1412 2082
1780 2444
759 1693
1321 2318
1190 1974
2378 2207
1238 2522
722 292
1109 1202
1704 2916
1497 1253
2438 1346
1219 2586
953 1528
2792 652
2102 47
1911 2855
362 2675
232 936
358 2615
1379 547
1333 945
2087 993
686 1693
1690 2433
624 984
111 2269
1433 68
1980 2887
2708 2391
1245 1187
228 1129
748 705
1338 2768
52 2308
2711 1513
2455 2840
2750 925
1408 1814
2185 2649
2324 1172
224 125
2265 745
1903 588
2046 2615
371 322
2785 362
805 1902
2294 597
1350 2596
996 2750
1372 1225
260 1820
2361 2992
970 1687
1786 2278
545 1003
21 1393
513 2119
1509 2198
576 12
827 1448
517 55
1896 79
758 1523
1459 1395
2910 2363
1053 2733
1140 494
888 2078
503 2203
1982 2147
342 640
5 1536
180 1810
2668 517
2869 1891
1512 635
947 1099
1976 2975
2700 1131
2730 1155
804 680
436 1592
777 1761
727 2033
1706 2261
2347 1414
1772 1086
1997 2092
2480 2419
2370 1940
886 2514
2837 914
1367 2211
234 2482
1634 2032
2509 432
900 62
863 2532
791 2086
618 838
264 246
868 2136
2021 818
2754 295
1730 929
175 305
1285 2247
2129 1888
841 1194
585 1365
2821 188
2851 1797
2168 920
1184 266
2133 2843
2566 805
1177 673
556 2209
2407 1549
183 805
290 2043
99 2340
2626 2520
201 214
1660 2076
2545 22
822 1914
2085 829
1132 255
8 1129
1882 1434
1319 2438
1192 989
1769 7
1773 161
26 2822
2000 2815
2418 2503
817 2577
2344 1570
1005 2615
629 1622
1983 431
2564 624
2372 1393
1711 882
2803 1708
2516 945
2505 282
2056 2451
592 990
1784 2976
2876 2709
1329 971
1182 1428
698 28
2201 1030
263 1709
1418 2994
2263 38
2800 1945
216 1455
1666 2638
2387 920
1563 713
2073 2093
1589 722
398 612
119 1177
2052 583
2256 2863
1801 271
2899 2896
2164 2965
1612 2102
1516 898
1173 2331
2195 2056
2725 1441
730 2147
1012 518
2777 99
2766 25
980 1739
717 364
231 47
553 1090
1922 394
59 1520
408 1958
2386 2775
1811 427
3 1293
835 1528
828 232
1208 2177
1087 51
1212 104
1257 1491
1027 1909
1174 939
311 1012
2496 2368
1806 734
1967 324
476 434
2464 2766
479 2303
482 1558
1163 1696
733 639
1057 694
345 93
2350 2173
1316 482
2621 263
2584 2639
283 115
1476 357
1556 1530
1652 2587
2573 1420
928 2601
2602 1953
127 2863
2355 2666
1376 1592
24 2357
1744 162
378 2294
2612 2947
1020 2456
2502 852
261 1707
1973 2136
1368 894
1565 1178
2664 1939
2991 1611
2740 1141
336 1967
1848 412
662 569
1297 1282
2787 881
1925 2111
2367 351
1777 2169
735 1532
2305 1387
2430 1648
2550 697
839 1787
1435 2702
2029 1990
344 490
1561 2227
2396 2584
2301 2795
1937 852
2176 163
848 2187
1628 2358
233 2654
190 61
923 528
289 730
1290 2865
1325 2460
58 407
1193 2798
2421 2957
1143 80
591 1764
2059 32
129 1230
1602 812
288 1745
1498 1785
2665 1760
742 1655
2498 2
456 2223
1075 2887
2783 1617
1247 1017
2748 2376
20 996
2035 767
918 829
930 1044
2995 618
2931 1109
1869 1272
541 729
1189 21
532 1055
1938 940
1269 2791
1221 1930
2106 2460
2311 2905
2689 452
2630 1202
2284 133
1892 367
1198 750
2166 2363
2972 262
1732 1962
659 12
487 1849
374 2530
1336 2385
1252 2969
551 239
219 238
483 1640
2221 2612
1200 2093
1371 92
1946 2198
2041 1866
1457 2357
1357 2378
1385 2100
317 2668
1712 2727
2686 1502
2135 1360
1505 676
341 793
330 2418
1941 2740
2528 1722
1430 2495
2993 2417
600 2211
2604 65
89 314
2293 2995
2436 2605
1675 1269
1130 666
2857 1437
2623 2459
1637 2913
2236 873
1364 575
1042 1382
2016 1202
1468 1049
1256 899
284 905
584 503
411 1180
1758 1599
1243 2895
2879 2871
1069 1125
1960 2935
1918 663
248 1709
1447 2791
2420 128
242 2992
1479 929
19 1143
1366 2059
782 2894
1715 1918
2518 937
97 579
1494 2815
319 230
302 1740
1985 2715
1754 1530
1018 1662
1562 1747
2847 872
1207 576
1553 1660
1310 2574
931 2258
2228 2146
956 1627
1345 2532
1261 2085
2648 1130
2274 516
2647 584
849 1177
1710 1716
2304 544
2943 760
2011 527
1289 772
2864 8
1977 513
999 1140
1361 2988
1092 2288
240 342
1677 2522
2067 2863
979 224
1859 1086
2057 2746
103 1434
2013 2230
1889 2238
2824 817
820 1617
2114 907
57 2422
2707 676
2399 1200
884 1970
1836 2325
1972 103
1813 2969
2051 1494
521 2137
679 275
695 239
657 2181
2636 1180
1299 1595
2877 1391
2970 296
1794 587
2902 1819
606 2303
707 1641
2484 1368
997 1090
1475 1803
603 492
2572 232
1753 2363
2050 513
484 1876
1343 1338
235 2402
1405 1718
668 344
2428 322
98 895
1185 2749
1267 1497
2835 1320
2773 2046
2306 2050
76 1252
1383 2632
15 246
2268 2627
2999 1969
1481 2089
2501 2730
883 945
2287 840
525 2358
13 240
1818 1859
2829 1507
327 1566
318 1582
2266 1513
1355 652
44 1430
1305 2508
73 2595
2920 1943
1074 393
1879 1365
1624 1728
1993 2727
740 1126
2327 2783
2375 1219
2473 2742
2852 1798
1048 2538
1560 918
508 1743
2145 428
2996 1535
2149 1730
35 593
91 448
778 2862
1308 584
2397 1976
1635 2256
1411 2636
1461 135
2469 2943
621 2957
148 2945
2404 1418
2409 2768
769 2569
1374 1498
572 2789
1242 1509
2923 1849
1025 1693
1396 745
210 152
2820 2311
862 2536
2302 1130
1091 261
2507 816
2019 2919
524 345
340 2445
2739 1963
1632 2244
2554 2862
2517 1047
2470 722
1842 136
390 2821
924 2988
559 287
200 2451
2053 997
731 1915
2614 273
2499 676
845 2338
913 939
565 2144
405 2947
1373 1234
2735 2892
1322 2947
1483 1078
2246 2965
1356 1494
2465 279
2215 2673
1686 407
1235 547
962 2910
2004 793
1401 969
2620 1954
2392 2080
2034 2235
299 1743
1442 186
1170 1474
1471 34
1259 2949
2381 722
2120 1548
501 672
2867 1680
1927 2690
2951 956
2063 1018
2190 485
2158 189
2160 250
2624 26
2156 1034
2844 2465
1654 2290
2817 93
328 1300
2521 226
217 2085
1218 2777
1311 2485
1332 7
1144 2771
1035 153
955 2921
87 2619
113 1164
2437 2392
2751 2236
1606 380
96 30
2827 2867
1975 1878
422 2871
2511 2516
1065 1348
481 2382
150 2397
1835 2678
1179 2678
2643 1901
1971 1825
780 2800
2685 1136
1240 2322
2531 1486
1579 804
389 1777
1845 2645
526 2014
2283 444
706 2654
1487 742
18 1320
473 1582
2959 2198
2413 1625
626 379
2782 2919
2441 2110
2525 2928
451 2247
2933 739
819 1777
2131 1390
1222 1227
2713 755
1050 2902
2364 1706
2001 2684
683 1078
2641 2276
2297 524
2434 2793
2677 2360
320 1281
2744 964
2026 1585
1824 1785
716 1687
580 2870
2838 1462
182 1664
1298 99
1863 1699
534 342
360 263
976 1513
197 2033
2162 2730
1926 2086
520 2288
1303 1760
573 2648
2054 2886
723 227
846 1838
2055 2345
2533 1566
2199 1188
609 2310
2634 2887
147 1482
570 1836
2764 263
958 1408
1210 1267
779 964
2681 1656
402 2190
1596 69
856 438
2126 1774
2124 1858
1923 1348
738 2590
2889 44
1088 1802
2202 2473
2858 1481
1957 2768
2997 1343
1515 1211
397 1366
627 583
703 2558
95 969
1729 501
2925 261
470 631
512 1113
395 2404
2758 706
1898 1173
42 2714
1524 2443
2732 473
2192 929
611 1888
1594 2174
1432 2322
2878 2276
293 1419
1277 2308
1886 164
1735 2288
326 464
241 2862
566 1458
2377 1167
632 2544
954 2245
809 2962
391 1264
1452 860
1609 2838
2937 2178
1154 1456
2132 2391
1104 1818
1313 1604
2982 470
1504 269
1793 1481
145 1328
857 1732
957 344
2282 1327
1885 2256
1864 1017
1251 1006
560 1624
2656 1531
834 1606
944 1028
2095 2258
710 1776
965 1962
1952 1973
2706 1133
437 2268
549 1242
916 2958
105 1591
1545 2179
1643 1009
1334 956
2752 2683
892 1690
2655 1553
1573 993
303 874
1525 46
1296 1997
2341 6
623 39
681 1632
1398 1548
1403 2888
1817 2192
833 1457
1868 47
1683 246
1837 2863
1759 1940
1897 503
1416 2377
2416 1184
664 307
926 2221
2307 1684
1072 984
2098 785
1079 18
1341 7
2285 2743
1480 2430
589 264
2885 1489
1961 1983
497 1064
2661 2392
1146 2236
961 1335
2939 2706
2971 2742
1951 2803
2254 2749
1160 92
146 1259
998 2865
198 1524
2897 1761
671 79
885 2658
2583 2600
2412 2596
2918 1034
37 347
509 1769
309 1247
2259 2802
369 2876
2406 1300
63 899
1108 1131
1767 1488
2036 1637
2165 2955
249 266
1600 2702
794 1641
2253 2844
2028 136
2005 1366
1916 2645
537 864
1309 1427
654 804
2479 2409
2952 122
206 244
2157 1909
2249 2577
2189 2110
1214 548
2023 2809
419 1161
2618 838
977 1755
421 916
1150 596
2926 2193
2020 989
1653 2570
297 2730
1162 1749
557 2999
2839 1189
1119 1848
941 1472
2389 147
1986 1604
132 1510
425 1733
381 690
2929 773
712 2746
457 2749
2252 32
498 2376
986 2565
108 949
530 2844
1828 691
1695 2309
158 2452
2960 89
2900 2798
2112 18
1392 2112
308 1684
1422 841
2635 1233
721 1018
285 231
2796 616
247 2138
157 1643
2161 1372
2099 2873
2326 579
2171 2778
1191 1679
1586 1824
1546 2487
2628 1424
2846 2916
1301 1203
1537 1922
1821 2950
423 2932
2065 236
1397 238
843 1582
689 163
911 1189
1450 1191
2317 1887
243 2165
1860 1438
502 1189
1789 1800
1999 2819
1720 1532
179 1770
2644 925
60 1231
338 2829
2170 146
2224 1650
2779 2155
2964 1137
1994 1479
2084 2498
1451 2757
1550 326
1998 2544
878 2853
1492 579
2183 2725
1406 1534
475 2644
1518 605
1001 164
23 1890
215 995
1040 2804
552 1891
2393 1356
1073 1904
2334 2308
567 1902
922 1228
2650 596
2859 2308
312 2577
141 1379
100 359
2535 1366
1145 1780
77 671
2454 1496
1719 2896
1908 2515
1181 1150
211 634
1287 11
396 1033
384 2219
1271 1020
1324 2443
207 2242
2812 1237
1995 1760
1 526
2985 2712
2842 640
2721 1859
1702 609
1826 1857
2390 1469
2794 736
2805 595
1557 2157
1569 2295
1292 862
790 2351
1689 634
414 2497
1249 583
2808 2461
1466 1375
2442 467
1103 1712
1539 2706
1098 1728
2466 2387
1578 971
2472 2534
2720 968
754 2541
2901 2674
658 42
1124 84
590 834
836 1787
1415 1491
506 2592
1007 1941
1128 2681
2383 1051
173 1386
1426 2977
2756 887
966 2784
1933 2852
746 487
1613 2124
74 2294
807 1185
2251 2595
2671 1005
1756 2272
2027 1477
2608 628
728 2370
1884 1976
1014 476
429 2985
1473 1931
2915 2354
48 2167
2337 530
2159 1373
2450 2688
747 2433
1370 1768
1867 725
2148 1519
2850 845
1629 1787
2250 2235
1362 1292
254 120
2580 2723
2423 1374
2103 501
1621 816
1353 623
2478 1304
1910 2653
2927 2889
1294 1037
252 1069
1855 2073
2139 380
2729 432
1112 2370
2716 2961
2346 2224
144 1483
2462 1092
2440 2647
963 1037
2312 2326
515 196
890 432
2075 1602
1229 1045
1058 2306
2806 1196
1991 739
991 1253
1816 2495
440 312
693 1101
2045 239
2012 2227
2489 2797
1280 2102
2830 2468
543 1171
446 1739
2453 2069
1698 799
205 233
2759 257
2490 2643
2903 240
2956 2525
195 2487
1929 21
1273 2656
2611 601
2292 2231
1080 715
495 1259
1275 512
1928 1969
800 1207
356 667
858 2525
1626 1992
1067 1049
123 1925
1829 1102
2986 1850
1950 835
1936 334
814 2274
1204 2681
170 362
1584 2395
1668 1770
1056 1701
2616 2892
2934 371
165 1428
2540 392
1674 2964
2816 2148
2049 1117
1500 1124
2339 1302
1205 113
1831 508
118 902
933 2036
608 1496
1147 1490
1286 595
2799 2997
732 1759
2585 905
2015 215
1964 22
1122 5
2974 2718
574 2862
1340 2946
278 164
824 1514
1041 242
1217 2724
31 1605
1752 132
2710 1860
171 2329
1788 2220
2140 1778
1551 338
2426 527
1359 1417
2692 2598
701 507
1736 2683
801 1583
2291 1604
433 942
771 762
1543 932
2924 1612
831 2901
2107 1736
2833 1146
2321 2277
71 2485
2907 1767
2447 1783
1988 2376
571 2319
2597 1794
1676 1302
1358 1147
987 1766
461 812
810 2515
1244 1411
2071 2480
1727 55
1195 2552
399 2240
720 2944
2770 2004
114 98
1593 833
66 2707
1460 1520
2790 1171
2435 1172
1224 1006
2109 2306
2127 1884
168 1876
2695 1454
2762 148
2591 1412
2940 1179
2698 319
2356 2407
891 138
192 554
1413 1704
2151 432
1453 1974
1409 2285
335 30
1288 497
1043 1911
2070 406
684 748
826 1945
2175 1947
1318 799
1644 1811
1830 1850
2348 1448
2774 298
109 422
959 701
110 2076
1032 2445
2660 2101
1511 470
1127 1612
131 2783
2411 438
2074 2903
2814 2807
2981 451
2539 889
853 280
465 2654
2834 2279
2374 816
1547 311
213 141
1279 521
365 818
2384 2355
154 926
2212 905
599 2835
960 1443
222 471
2449 1191
610 335
2667 1005
1263 906
2599 1663
1083 789
1029 1667
670 2364
445 181
1262 1158
2225 2518
3000 2774
558 595
2379 804
2736 1985
876 356
1906 1440
1870 761
2823 367
2906 637
2825 1786
1445 1848
1107 2270
1682 278
1588 868
1883 2107
1156 2875
765 2749
1081 263
1002 516
1248 818
2313 1996
2280 2219
430 1553
1522 896
2415 41
1763 71
134 1755
2474 956
401 167
535 119
1265 1119
2914 3000
1673 908
496 2117
1580 1729
2425 1448
1258 572
2335 131
2938 2730
2010 1782
2763 1155
1751 1023
783 965
813 1251
36 2516
1149 1038
184 1818
620 582
199 1626
2694 2183
2090 2194
2697 1356
854 1310
2229 1299
1004 2741
2424 819
1861 2697
1123 2503
2068 262
162 483
395 1301
1127 2459
2074 1125
2763 2650
2526 1366
2527 1927
2098 1353
295 1122
1931 1781
1080 2921
1336 1167
2615 796
2535 268
686 2749
455 2257
2563 2654
1324 2751
516 1855
40 422
1286 952
62 1110
2854 262
2718 2633
1999 1046
2409 999
1430 2812
2883 1659
2972 808
995 1949
535 230
2930 2998
2489 2024
2272 1241
2650 2643
1423 425
1301 58
188 1602
234 797
347 2919
1299 1417
2883 1917
1219 921
703 1769
2861 1935
2161 2793
1387 1197
2014 363
451 1687
1407 2857
1420 1064
2276 789
2517 1686
1511 1644
1507 2425
1990 2798
2564 1077
2031 593
911 407
2386 971
1212 418
2639 2631
474 1320
1535 1027
1231 2101
2850 2063
419 774
70 2764
1902 1712
2370 1715
1626 1075
2429 1508
2958 49
1351 2357
468 970
1533 2963
1744 2247
2227 1134
1056 2331
2934 748
831 1006
672 1528
740 563
1732 1107
718 2738
1784 754
1374 1085
968 2801
796 1930
2144 1149
996 706
900 500
672 827
1337 955
578 612
423 275
1623 2274
1345 1833
2048 2728
302 2149
2947 2150
2060 1716
1548 1150
208 2217
1799 2099
1695 1205
129 2996
1236 1689
2647 2868
1964 1019
1692 2954
1445 192
1774 1330
1776 1884
233 494
816 1554
1359 1791
1313 1907
2233 777
2484 2362
1180 713
509 1499
2117 876
2707 1861
2438 2800
197 1274
1487 210
682 970
1316 2862
52 1548
61 2503
129 17
894 414
968 2159
2539 1039
2926 621
640 2488
2978 1348
932 1834
2604 1996
1284 301
1295 1972
2500 972
255 378
2620 1252
1491 2721
2675 795
1706 790
2926 1718
1986 912
555 2464
956 2180
138 1970
92 1959
1711 1596
1165 2673
2332 2359
2377 1403
1621 2870
1655 343
1064 2976
1252 1223
2744 1216
526 556
1051 349
1551 2209
886 699
674 1128
777 2062
287 1737
2787 1222
589 511
2402 123
164 2833
1413 576
2267 301
2780 1011
1706 1472
571 2828
1650 2073
1002 1376
1945 1663
1772 70
1829 1816
2054 78
533 797
992 615
2368 1448
1827 182
2214 2305
434 1738
1207 806
1254 2193
1830 392
1611 875
192 629
2289 1018
2321 1709
550 106
1184 237
2078 1094
1856 296
704 2998
1131 2510
1358 1780
2536 463
1615 477
367 190
719 1794
699 1710
1112 1553
716 263
2042 393
765 2795
261 2537
2941 568
2846 2352
2262 1186
516 674
2029 1017
1199 377
1624 2156
556 189
703 924
1105 1314
1329 1642
1115 2235
446 1138
295 1383
620 2713
228 1637
2753 225
1830 1696
2553 1989
2535 2457
1175 291
2346 1919
978 1831
486 2876
171 303
976 1352
454 2024
2199 2730
116 811
672 2745
2046 1795
2692 94
2734 1690
2937 2692
2196 2728
1868 454
2754 348
587 2432
245 2990
2510 72
2740 2920
2794 38
2017 375
1843 1231
2927 1021
1322 1381
2288 724
974 1591
2878 2373
1445 1075
285 511
1879 2984
1747 2172
2620 1599
2545 1823
1076 454
1130 593
2790 325
2115 348
713 1506
1251 268
1909 2143
1458 438
1507 1857
1334 2719
1337 2560
331 1488
2344 2188
245 2662
2571 2226
196 1890
1832 2688
1176 453
851 105
1092 554
546 1909
2606 1063
2723 2277
860 1245
2403 2535
501 2747
383 237
1892 1896
602 1514
2966 632
2923 564
2450 2915
1874 2989
2510 2520
453 1410
2735 1746
2829 2945
2990 388
2456 594
774 2697
2616 984
310 1749
2571 138
2713 263
752 1063
361 1151
1058 115
996 2826
1559 2977
2878 2526
897 963
224 2332
1130 2740
1754 352
2532 923
2451 2884
502 1488
270 1642
1996 1010
1018 2582
2297 2987
1119 1997
2257 1639
778 1822
1253 1148
409 1741
197 2722
750 112
384 818
2128 1315
931 482
2847 1394
2554 712
2881 604
1157 1451
1214 2879
1293 303
999 1410
865 2603
1429 426
2569 1856
1058 2029
821 701
499 2386
33 1677
703 1387
631 172
260 1296
947 2516
741 591
1915 2925
496 135
1865 625
1271 2027
389 337
2665 358
1748 866
1399 692
1095 1976
99 163
1844 2967
2768 2632
2307 1090
295 1279
2313 2031
1573 426
559 89
1480 740
2410 1263
1985 2116
2584 810
2033 1108
696 2673
858 17
630 245
814 1185
2374 2684
2241 2582
2482 2681
389 226
412 1716
1024 810
495 62
2873 529
1830 562
1002 1121
2728 336
1267 1293
547 298
591 2723
837 1138
1897 2209
2945 2054
1960 2339
1730 1499
2315 1162
1699 593
1914 2506
496 121
849 864
1573 667
676 2491
1652 1665
1101 174
743 650
1994 2349
2030 500
1961 1306
670 1162
2162 841
2070 2996
2469 1325
1374 1916
2817 346
2379 1691
1034 2502
2525 303
2124 640
767 134
144 2239
455 386
2620 2154
1138 1792
1699 1330
1861 521
2847 1888
1059 1255
143 2118
482 2610
1327 1631
1018 919
463 2626
147 1488
2053 1716
2517 2880
1754 528
16 1661
548 2354
24 2789
1703 2856
554 2812
269 615
2013 1081
2438 2259
1500 1120
1899 356
1044 2107
629 873
1609 2231
2160 1107
1889 2166
991 2923
1323 812
2195 2892
2257 1942
2808 2741
1923 462
2641 1773
783 1724
1041 2376
2730 2405
697 715
1161 2086
476 1388
2281 691
1748 677
534 633
2710 1137
1196 2092
2928 1991
1995 2000
1903 2915
2508 1251
1244 547
1146 2868
2837 2289
1180 1949
2904 2433
1298 410
1176 2756
1993 89
2370 2279
1650 2645
747 549
1776 274
2935 2227
620 1105
2464 2342
154 1847
2871 378
1812 2686
956 2304
2840 2175
1968 298
2931 2018
495 2171
2759 784
1612 2199
1887 2562
2529 650
1232 478
1593 1171
2751 1784
36 2088
1418 2343
695 1419
1988 255
2799 1864
105 1039
2229 407
2957 1752
648 2909
1657 2097
1218 708
113 272
801 2399
2530 1044
595 356
1969 2254
2855 778
2485 1665
440 1994
2196 119
1211 1036
2102 1264
2229 74
920 2091
2087 35
1409 2628
974 1762
1671 1282
396 2543
2720 2731
1911 863
2125 1459
319 2147
2471 1782
1512 2043
2542 2669
2474 2043
498 996
557 1167
438 1651
130 1129
365 2256
656 85
1718 1891
1600 1089
2759 1651
365 16
313 2462
1455 2677
1988 2889
1804 852
10 27
2162 2634
731 2339
718 1110
2416 1645
2383 2242
53 2680
2098 2330
664 1687
2397 739
2428 388
2996 1592
1176 1609
2214 1147
2727 1160
720 29
2089 1766
1169 1141
1846 360
463 1982
800 2706
2430 1381
2149 535
1091 562
150 2927
2572 2569
2833 1644
1214 549
2819 593
2489 17
1248 2178
2452 1899
2262 827
655 955
771 2488
158 1936
1181 491
2300 718
2566 2243
2011 56
2587 2454
573 2256
1586 2718
2805 98
502 1029
316 1874
181 1260
1821 336
1107 2745
2751 182
2346 366
1911 581
1874 2747
1370 596
920 2783
731 758
2612 1574
315 2813
2308 2617
924 741
2322 1953
2822 554
2037 2834
277 2961
2221 16
15 1998
466 318
1102 2008
2665 506
1934 2705
1987 2362
1877 469
1473 2272
958 2124
2689 2633
2300 775
1292 14
1338 410
2991 2226
1491 226
1142 2490
142 2303
1484 2963
384 2694
325 1959
2641 2148
1254 1692
2949 2714
1059 2497
2632 2418
2356 1709
1161 427
2889 1495
1907 337
1668 355
2496 1521
2920 189
1342 1938
1954 1109
2253 2272
1401 378
1902 492
459 754
2885 138
2234 2185
1095 624
2241 370
753 2994
1173 2726
2034 2679
1357 1352
2533 1092
2943 1667
960 2575
2671 757
2221 2570
1714 2283
1916 2864
1167 2595
2468 1477
2196 1946
1333 1390
84 479
1115 1021
2967 2531
483 1828
1953 89
26 2511
1609 598
1214 785
8 1400
446 53
2586 1324
601 2304
2833 1589
1398 1959
1336 2569
1325 1676
1902 432
1755 2096
546 602
829 1822
7 314
2744 451
275 191
781 2560
2410 2702
2112 2692
387 2222
1307 2948
2760 1015
2030 1242
2789 1493
1564 1720
230 1096
443 32
1392 350
2394 2287
1398 2560
1752 1509
1824 252
2599 1350
255 1557
252 2893
1302 1792
2991 2877
2630 330
1655 775
1884 268
924 677
2640 7
2660 2129
1398 786
1790 2416
2374 2947
796 51
1986 1474
1988 2163
2128 2401
174 2350
2580 374
1072 36
1805 1509
1737 237
2533 1965
1620 1867
2647 1190
515 435
2964 2025
572 2904
1969 2889
2909 81
801 221
710 653
2804 1471
173 1160
2781 248
134 1478
1132 2347
1723 506
2771 1353
2482 1999
2941 502
1396 118
1627 789
1193 1060
1077 427
579 1678
1209 2747
358 2192
637 2642
128 1373
767 880
944 478
1589 332
1303 612
87 2087
1098 384
1466 1617
2730 508
599 1637
1436 1485
1849 1270
2860 2752
2257 30
2858 1910
592 635
1370 815
1130 2632
2844 1034
286 159
2677 2177
1589 812
1127 193
254 1642
1963 352
1142 2807
155 2556
74 1190
1317 2191
2112 1814
662 1449
1964 2213
2462 293
255 726
1147 289
2489 1689
2395 139
609 2615
166 1499
695 1888
243 1236
105 343
926 419
2394 1956
1269 876
853 940
2991 1604
1232 986
497 2531
2940 2096
961 997
855 1356
2714 324
3000 776
706 2933
481 1524
1928 673
932 2709
240 2644
2689 2344
1112 964
916 160
2370 2313
1443 1604
361 2134
2398 1314
2463 1141
1876 2495
1533 763
1879 63
605 747
170 2760
1054 815
328 754
819 2136
2357 1185
1277 233
2928 2733
1725 2197
420 2150
2045 304
428 1705
2883 2662
2675 1686
1970 2985
2907 123
1376 9
1414 2677
2802 756
1025 1126
746 2061
1144 1237
1496 1464
790 2745
2219 1977
2584 1786
585 1880
157 351
1547 1168
2988 823
670 966
2822 840
1593 1859
2362 2807
2801 907
1264 1908
2427 2006
1657 2952
2854 377
115 735
2067 2129
1614 750
10 1521
1374 1848
2568 2188
1512 2302
1085 1377
279 1501
1361 83
1597 622
1018 1625
627 1642
513 293
1339 1823
780 2710
628 1015
1529 753
2064 1855
770 633
841 1542
598 1331
452 862
2338 1358
617 2683
359 306
2656 2124
2170 864
2604 123
1671 1534
2157 1353
1412 436
2063 87
2718 2795
1841 1482
2298 2260
1793 2694
2374 1778
1000 16
1261 433
2582 1011
2193 864
1844 2564
2253 1312
1697 2252
2576 2225
175 1975
814 439
1023 489
1632 2541
789 1904
1489 2741
977 2519
2821 1364
2831 1390
1097 511
2623 1574
538 1488
2844 2447
1512 1029
1239 716
175 1798
540 180
1852 2585
791 1811
1581 1847
2536 2803
578 2578
2837 1973
2152 2287
2465 1432
1395 894
188 2631
1849 1393
199 2248
964 463
2925 1598
715 1318
595 428
1346 2854
1332 2130
2082 1925
1644 1388
2197 2419
722 1196
323 60
2126 2872
196 2822
5 1755
2011 698
2189 1742
476 79
2487 2021
2338 1428
2614 2804
2032 2561
2200 1709
53 2091
1776 2522
1897 85
1155 2630
384 1016
301 403
2659 2031
2624 1353
38 448
2988 2809
1486 2631
660 2680
503 633
477 812
1626 2884
2014 416
853 1736
1470 680
1675 2218
775 2247
2998 514
1586 2735
1423 790
2314 2418
1142 1434
1935 1251
2722 1082
1853 2587
2641 2670
2754 977
1491 2925
662 2117
2105 662
2783 1942
817 2669
196 1914
965 2091
1853 2443
1160 1082
2674 2503
783 1231
2691 456
1536 2674
1774 1672
2666 2817
2428 349
288 59
46 314
2562 1831
2576 2817
119 2585
2349 2681
862 2284
1374 1736
2860 2541
1035 2955
198 1832
591 88
1493 2263
2891 2400
1156 1662
1332 1786
609 2048
2421 2703
2357 1295
1682 223
828 1429
60 1585
1043 1026
851 117
1407 2727
2735 2863
1566 842
1728 2383
846 867
737 2147
2070 528
858 1083
2087 1149
2347 2358
1030 2254
2732 2821
140 714
2134 2120
1570 32
2106 1534
2188 895
484 1573
2956 1483
851 16
2883 464
1380 791
2453 1266
1693 435
1719 927
2744 1820
170 440
1818 1167
72 1502
1944 692
1636 403
232 121
1001 1867
1250 1509
1386 2107
1507 2044
764 680
818 602
2013 2115
1473 1968
2645 2963
947 2457
57 1873
383 1239
649 2828
2926 2331
2799 1739
2432 2136
765 2391
2589 1128
1210 2027
1807 1348
241 2243
2465 1534
427 91
947 1157
1533 2506
1975 2646
2281 884
699 2476
2730 1895
1748 2472
886 1367
2805 182
2887 480
2154 1328
582 1982
1047 1865
208 2405
1593 2933
288 1304
1609 2003
537 1381
1041 2087
2809 989
1655 694
2086 2793
886 275
2010 868
176 2467
521 549
421 1897
2181 584
541 2427
1305 2434
1889 1301
251 2672
595 624
279 1269
2669 842
100 604
1163 2984
190 917
323 80
1411 2749
435 2884
498 1720
109 649
2009 669
310 1895
820 2965
988 2548
548 705
968 1383
2029 912
819 24
2667 1490
1188 949
1180 1821
548 1464
525 1791
505 875
1777 2327
1881 868
2276 571
2142 1080
2424 1851
741 1274
2744 1978
322 1332
892 78
1785 2117
1193 1255
791 1444
2990 593
1359 1010
2290 1591
721 2793
2362 759
1132 1826
2739 346
1560 2639
1345 2480
394 1947
2186 2863
1188 1867
2247 1720
798 2522
2033 2538
2528 2082
1962 615
983 243
1422 565
851 2219
2347 77
1206 520
308 1310
756 360
2188 836
2045 1775
1146 793
2200 2481
2999 2898
582 1820
2309 1033
1975 1167
1399 1213
2214 2185
2986 2408
1810 479
2847 1930
1189 2987
837 2560
2250 1894
838 1901
802 1493
560 2136
2487 2862
1824 629
1857 272
2699 631
100 775
1423 186
391 2487
2829 973
918 1469
837 1194
1814 403
2298 2845
2464 2351
232 749
1043 249
478 1792
2693 2949
201 1331
107 2480
1413 2081
1985 1089
1846 2638
2894 1358
67 2509
1674 1876
1073 1069
1878 1926
1620 1093
519 2131
985 1301
1385 2419
1963 1799
1067 2237
2449 2275
1960 1240
635 2918
317 1814
2244 786
1418 1272
2512 434
2042 1350
1576 1403
1158 1746
721 1235
1093 290
1369 1816
19 267
2023 1554
74 444
674 1039
1085 1762
2223 700
2894 2747
2919 1234
2586 192
1477 1651
1164 2504
2345 1982
2102 1858
333 227
235 103
1298 281
1402 1137
2548 2225
104 1306
2362 2579
1254 1242
1836 2226
2291 2455
708 1592
2782 917
1093 1148
1374 2544
1409 1544
1095 139
2059 320
2389 2662
575 408
2407 1499
2972 166
1803 1663
2813 1873
2562 1324
1011 2674
1004 2640
40 2589
721 1983
944 145
2449 2443
121 1509
2246 948
2507 2164
2178 2869
1985 1823
2670 2682
837 986
223 356
2426 1680
449 940
1502 2541
1121 1004
588 1716
2927 2941
1601 757
362 666
1325 324
958 844
1910 403
2468 118
2920 2990
786 2267
1922 2745
1268 2752
1745 1338
2883 32
1728 911
53 1895
1391 62
857 1930
1050 2419
1529 2127
2074 987
2872 2857
2593 528
2074 78
16 2097
1562 1570
2804 2901
2827 248
578 1341
2319 895
437 1572
1536 2755
154 2347
2052 895
521 2741
2759 96
891 2922
2991 1806
2370 2977
2708 2366
434 1131
782 2611
1089 976
1826 2458
2069 2234
1212 2148
316 2538
2207 330
414 1921
1316 2446
178 1072
2645 1889
2368 771
1368 432
2089 2349
2192 1081
352 831
1794 20
809 2548
2386 353
698 1941
2878 176
2415 1913
46 2150
1628 2383
851 1286
2639 1758
1986 555
753 1944
2854 2497
228 1458
295 13
1886 750
2835 2884
1476 30
872 26
217 2637
959 1371
2691 2016
1456 729
1411 2802
927 717
374 280
537 1876
1171 2793
49 9
745 867
2540 2732
2939 1776
2439 1429
373 117
2786 2158
2759 2554
1386 93
2283 1943
558 1835
2966 2118
2927 2059
1976 797
1483 861
1200 2150
1258 2679
358 2448
2883 934
1594 1930
1712 856
1362 1472
2876 2321
2383 723
1623 1836
1981 888
829 2470
1727 209
1497 2631
44 1584
509 106
2888 2812
686 1513
269 1437
2262 679
2655 1471
1669 81
1701 2960
128 320
984 2178
32 330
2085 1309
2531 1054
936 2088
1799 750
2399 300
741 454
2439 629
2039 1953
1922 919
1336 671
1311 1468
405 10
2558 2771
1652 870
771 2292
1321 563
990 1106
1706 2622
1253 376
2785 2405
2689 1235
1995 245
1886 1992
2228 1607
402 272
2494 247
2250 1608
2255 867
337 641
1191 1605
2243 1075
1886 1826
622 1990
2902 2654
2013 867
1415 821
1944 1404
52 752
2973 573
244 1482
1481 610
2214 2927
2981 2155
2956 772
855 2203
543 2932
2258 1262
2614 334
373 2162
1597 2874
1933 2086
663 2347
2639 22
1704 988
2186 1354
1675 1080
341 237
2903 1716
1300 708
1875 500
982 21
1812 1285
1303 1282
2895 2936
1719 1901
1034 471
1367 2793
1172 1899
1505 2341
1285 1282
1266 2561
1208 625
663 2430
2802 745
2052 332
1744 262
1219 382
586 2
197 434
929 836
440 2743
1714 2957
440 897
2486 1332
2229 2075
1246 815
486 1149
1638 2941
1161 2237
1613 222
546 589
2934 2236
690 2721
1633 2200
74 1087
2976 85
960 237
2410 564
1008 439
2427 2998
2393 865
2422 1855
1935 558
2396 160
1066 634
1354 396
2948 2024
847 1028
2445 2940
1951 726
1479 1376
2391 276
2346 363
1498 2145
235 594
774 2950
1435 1124
1367 1798
2448 280
1386 2695
1107 1205
1269 1081
146 1910
683 1143
1597 604
2583 350
676 60
1702 35
320 2553
780 2290
497 2644
1142 2095
2750 1979
2707 2827
817 912
2473 1960
1133 1026
102 1613
2736 1674
1726 2480
1596 1186
1548 2026
2823 2810
1538 2764
2030 1462
195 1107
864 1478
2516 2164
567 1065
180 575
455 777
1702 393
2308 1951
921 1004
2761 2649
2818 481
1884 614
826 1592
2640 1194
1472 1926
1271 416
2029 1234
2507 1691
2531 2940
2377 1697
2552 2911
2550 2771
2116 1456
1549 898
2113 2194
2996 1427
1354 960
255 1499
332 1716
322 2310
1790 1490
2314 1760
134 2325
2336 10
1657 2488
476 1193
2937 2158
1041 2106
2498 2275
887 2017
2060 336
401 520
2365 1189
2486 1665
1369 1709
961 1717
2590 169
245 1424
860 1638
762 2681
1632 1018
2474 1803
2358 1622
422 484
1007 2234
1045 877
1020 2162
926 808
1320 2534
1469 813
1 487
1225 79
2839 735
1668 1389
2986 890
1215 1572
2521 1403
2956 88
1236 1664
2440 895
2939 1369
2411 233
1878 2174
616 1873
52 29
2517 2481
618 520
1597 1595
358 1708
643 38
2533 2737
1230 2393
135 1619
2234 633
685 249
2508 103
1165 680
2753 2940
1469 307
1638 2238
1883 1835
2969 1521
2290 1337
901 1139
1627 671
1243 256
1980 1349
2443 2155
2461 2236
582 1915
502 2459
885 1601
2263 2187
1701 1105
1566 665
1962 2856
2533 2741
1162 2245
1726 2148
2587 917
1226 680
439 2220
176 1242
682 27
238 82
1292 1697
2080 1840
1292 379
1447 721
113 2792
517 39
1920 836
236 2133
741 2657
91 1900
2505 303
497 271
2785 2365
2357 2138
2254 1736
297 602
474 41
1050 1179
2270 1673
2667 2209
935 72
497 866
2118 2153
76 112
2767 270
845 1180
1886 607
965 775
707 39
57 77
2053 251
1775 2352
2941 137
2305 678
239 1909
595 2603
1812 2634
2987 106
468 1414
1537 1777
340 854
941 97
635 1036
1449 700
568 39
787 1901
682 753
1649 648
858 1994
2329 1901
188 2121
1093 458
2659 1409
559 2467
2108 1792
2616 1370
1098 2905
255 2038
1790 2905
1032 588
1673 2081
2564 488
918 2903
863 443
1891 2806
1153 570
367 2585
1343 33
286 937
2455 5
2805 1791
1739 441
1168 2447
123 404
1849 1053
1397 94
2190 1595
1960 17
313 78
1964 899
2478 36
2458 1590
1297 2024
2526 1250
437 2587
2011 2737
2367 1741
2536 60
806 96
285 1540
2445 932
2800 263
1367 351
564 943
1887 1866
405 2408
1922 2552
2431 2621
1862 1757
1219 2132
1956 2677
2902 2621
967 1663
886 1343
1673 1734
2297 297
1569 2664
497 964
656 2726
1820 577
199 2856
988 733
2299 1404
2528 323
882 1587
1439 633
901 1722
1445 849
527 1157
558 193
2732 1337
1084 2936
1313 436
2056 2210
1098 1746
1300 2710
1057 383
1235 2560
2474 152
2705 1506
53 2702
879 1438
2932 2539
817 2930
143 1635
1132 1694
1014 2275
461 2464
2694 2409
2376 14
2271 928
1273 2329
647 1510
543 370
1767 1605
884 223
2435 735
1570 1182
2955 1282
2353 2864
133 1159
747 2059
1847 443
698 2606
793 669
1974 1234
597 2108
2874 1925
15 1449
2931 414
2754 786
1830 124
198 49
369 2044
1190 799
960 1461
2486 1939
1589 2042
2250 1233
2375 456
991 1919
230 350
164 1503
102 76
23 755
154 212
950 2018
1368 2768
2634 14
2836 2588
1230 360
1491 1564
23 2194
2374 1341
980 1667
2805 1386
892 253
2684 30
1357 2446
433 2418
2885 14
151 2443
2171 2352
2058 1923
673 2094
1538 2758
12 2088
2487 2467
443 2565
242 927
560 2705
13 2874
2465 2769
2536 2122
445 2490
2067 1179
2285 2350
1854 16
1999 265
2719 53
2690 1949
345 866
2715 1422
2707 1673
2754 2636
1047 2578
1543 1441
2667 2985
36 2672
1863 999
1445 1875
2373 1795
1138 494
474 98
1744 2301
2756 2072
2063 2917
2624 2501
351 2575
210 1330
616 252
1450 685
1713 94
1133 2225
1833 325
1586 1999
14 2488
1421 1946
2337 2100
1334 1247
392 705
2176 27
1816 2025
1348 1913
2867 2207
2261 146
1621 627
2015 2241
638 2065
390 1120
1897 1643
2779 2277
2020 1780
2377 2680
526 853
626 2063
1229 2459
2233 2463
2332 345
847 1452
553 473
209 2834
1112 1124
176 2989
1034 2948
394 2278
2272 2048
1975 1297
424 1455
892 912
73 1410
2085 1548
415 803
2685 2706
476 2619
879 2316
855 2557
1346 482
1354 828
1227 203
2532 2100
2427 332
1223 1736
2272 479
1757 859
1098 1857
1047 2256
2440 1051
858 2115
2189 1671
2639 1100
2993 209
1655 2350
1447 2134
2527 1634
2474 2377
1199 1533
2686 355
2593 1309
1282 1872
405 2696
2840 10
2429 1958
1511 205
310 106
1432 296
802 2248
2170 1501
2118 34
463 1645
683 2907
1984 624
2309 2350
2644 2897
2802 1075
1416 2548
2592 536
382 350
1034 1613
526 1896
2783 49
2916 1625
1539 1034
2171 185
2233 32
2899 2199
1774 2487
2373 759
2708 1521
117 2907
1019 190
1797 2331
2213 332
2492 223
105 934
546 255
389 1566
850 2556
1618 652
2095 1619
2767 2653
383 500
1329 1743
17 2491
2142 1829
1595 126
2628 625
954 1123
2021 1009
1824 109
1144 2985
705 623
2333 284
1103 1050
389 32
2521 115
710 2725
960 117
2689 1248
1877 1803
904 2245
2777 2935
1596 2309
2532 1844
1785 2336
1177 604
548 2953
2805 269
2633 1705
137 869
2777 42
1386 2339
2266 2143
1354 107
1689 1532
2272 418
1976 91
1317 996
1756 1140
2648 1184
1581 1976
2509 27
249 292
1355 2395
1983 1495
2413 1834
2276 1029
182 2765
235 824
2990 859
2249 1402
43 1254
2844 148
1079 50
501 1554
902 41
2898 2093
239 666
1782 577
1057 982
2248 2223
1893 1633
179 2826
997 1900
1305 2464
429 315
2355 1515
2940 1516
1918 486
2207 1683
1288 2187
2952 1208
2883 296
242 1959
423 1390
452 1310
169 1029
1218 1594
2717 258
779 1761
2099 2198
994 2494
2374 1827
1022 2813
348 2585
151 55
71 624
546 29
745 387
1161 1310
818 2922
1793 1967
878 2627
2957 1441
908 382
2867 1816
195 2672
2880 661
2684 2875
1001 928
2791 1195
1057 1582
587 1572
943 697
900 2287
2030 1946
1243 673
2946 27
56 203
1305 2309
699 325
2845 906
2091 1771
703 1152
2415 1337
562 42
2954 1006
1022 1202
2966 2100
145 506
338 401
1444 2714
452 659
674 223
1367 1344
1192 1125
569 348
543 1457
2168 1758
2617 2032
2373 1085
526 1680
135 1440
2257 1648
1307 568
2146 1026
2347 1661
1662 1468
302 146
2191 2964
499 2804
121 2662
1048 1703
1871 2713
181 103
1098 266
357 1381
318 534
392 754
2443 1768
1132 436
52 1817
2742 2747
914 349
1917 2203
918 2434
1025 2388
60 2649
57 846
2792 1490
901 2807
2105 824
238 2212
1440 1584
140 2629
1950 1760
1468 658
2898 2282
1124 1226
80 903
245 2238
1798 2895
390 2227
2528 1136
2702 191
2824 1756
2636 2471
398 1150
771 2487
1284 1471
277 44
2881 1038
1784 1495
2612 608
2483 1086
1445 209
2970 248
184 733
2842 2311
2671 1293
1910 1696
2898 1023
1486 1631
2753 448
850 438
1342 1262
250 2569
1181 375
2160 350
282 1562
99 2108
600 1431
2499 820
73 2177
1380 582
1323 1541
783 914
1300 1013
383 2983
337 1881
2013 2207
705 1676
2217 1203
2339 2950
104 2930
2078 1590
2154 854
1413 1165
1979 580
254 2663
1890 947
2489 839
2496 621
2854 1432
44 713
1604 575
767 2524
549 614
1252 1406
1354 1854
1446 2700
373 522
1129 1017
2875 1974
2662 404
2217 692
19 2984
2410 11
1190 133
1474 2288
179 628
398 382
590 1352
327 1386
989 925
2929 1761
1794 484
545 1607
2939 157
2329 1283
2938 1234
450 928
1358 930
2600 2837
1117 1490
805 2105
1252 1194
1940 2094
2334 2169
1911 971
2398 270
1119 2123
2778 1720
2924 2640
2844 1976
1187 972
541 976
1058 1998
1567 2027
1600 839
221 1091
483 2750
1918 2757
720 2115
1488 2008
815 2460
2417 2515
2564 272
2359 1330
2465 952
1261 824
759 2304
897 949
2628 2745
1931 1143
1095 1897
2152 88
2782 1921
2742 900
1471 2212
1870 6
581 1893
1520 1344
2286 1089
1537 1486
925 1908
1020 798
766 221
881 1157
2531 81
2981 2976
18 2291
2293 2572
2730 2632
2692 2000
532 528
1420 682
1463 973
1756 2817
170 2514
2074 1743
473 2188
2319 1327
1827 111
2533 142
399 1758
782 923
542 2761
2854 1674
2972 2695
359 607
681 532
1616 895
1113 864
1911 2601
2422 2213
2428 1674
1161 1769
1704 875
1582 2086
405 2802
1156 219
2420 64
474 638
2299 299
1887 1585
1807 2772
587 320
387 712
1043 349
2549 715
882 1168
2214 1945
1321 2348
2824 1477
1421 1905
1051 1510
2028 844
1990 2266
2951 182
147 1662
158 1904
1859 891
1862 1589
1819 130
2171 2238
2306 1433
2572 565
404 1026
1334 379
2767 2522
1543 1167
1566 861
2056 2391
2381 2874
2337 2401
1415 1821
1965 1553
2549 1812
2442 846
2433 1247
551 2201
446 2560
2337 505
2947 1278
2240 736
1755 1966
1297 1150
2762 2019
1436 234
828 792
2126 182
734 2400
2799 2266
2899 2730
2851 2655
1415 1510
1265 2831
2375 1150
801 2462
2454 793
445 404
2614 2204
719 1495
117 677
513 2541
2074 628
2461 2264
644 2610
173 2157
1063 2574
916 2772
1684 1942
2742 2430
1690 536
1328 2279
1640 403
2358 2660
1406 1302
908 283
1425 144
1168 765
1079 2442
2802 542
715 2278
92 2205
1961 1750
2441 1530
1200 834
457 917
1204 1592
2546 911
5 2260
745 2443
1811 1080
979 2442
512 1489
2535 919
1274 1081
1903 2688
541 2606
767 1938
2477 72
2112 2907
1407 174
2059 700
1334 2141
2483 407
481 2327
1154 1884
2583 925
1126 2961
319 2372
2469 1771
2137 639
418 1692
2295 1000
402 650
2783 352
1218 1472
2036 346
1804 686
1275 1697
209 1912
1819 1026
2406 365
487 2062
1444 1585
1111 2943
447 1612
482 2616
294 2634
1922 1318
94 2534
1440 521
2113 1716
1298 2018
165 1431
2829 488
2346 2072
2023 813
2451 2546
231 1224
2671 2381
2155 1864
2693 434
1150 797
660 2469
2440 1019
2244 1375
2124 1339
2562 1034
1926 54
487 691
200 1608
904 831
1820 1228
2894 1873
2591 522
283 2138
1223 669
1730 2086
1912 2360
2044 1110
140 1365
205 1221
2500 1725
924 1988
1418 776
2280 2246
361 2980
421 1582
425 2537
76 1293
143 783
1944 2032
879 121
20 673
527 1789
2429 163
2933 2225
2586 740
1492 80
1500 2433
225 752
1616 1875
1804 396
2221 1226
2791 1762
260 1607
1686 1637
567 2490
588 1010
1614 230
2375 443
453 2819
796 2513
273 1309
705 934
2156 1645
512 50
2178 508
35 1925
418 2122
1546 1326
622 1938
961 1636
1854 756
2455 2502
695 2305
2240 764
630 1653
1365 2978
118 2192
2925 1155
1446 953
1520 1856
2422 2177
1098 1436
1394 765
2375 315
399 793
197 646
2387 772
617 110
1551 85
1436 2223
1655 1463
1369 2831
1097 1287
1586 2774
2719 1424
1190 2884
1095 1366
383 1349
2628 30
277 1802
1561 966
2620 1168
916 2914
635 1429
2685 2953
1706 2011
1922 2632
1620 817
2935 1330
2390 274
1597 884
2331 1791
1261 1393
1266 972
1803 1979
1988 2458
1023 883
952 2996
778 975
2084 2822
977 1141
2556 2062
98 2497
244 426
17 2450
1658 790
1144 1250
1298 1639
2424 1401
513 2722
1627 1178
1859 2621
697 2933
240 1287
302 2231
789 2774
359 41
2189 607
1857 1402
2472 1633
1171 2975
620 63
364 21
664 378
2766 580
2195 1331
2191 2764
2369 1764
1886 211
69 1741
557 224
814 1818
2492 1890
1505 1716
2789 1906
2244 2927
420 2706
1433 441
2507 449
2479 1589
601 2795
1147 2733
196 144
2935 329
1776 166
1283 550
835 2227
1136 208
1324 1867
1678 1410
1706 418
2014 1907
2280 272
72 639
1491 841
602 1891
2989 734
2109 2829
1610 2553
769 260
2157 864
1231 2391
210 277
286 874
1939 2088
2169 110
991 2007
2120 1534
983 1677
1896 634
1735 2164
422 233
1674 2548
2422 2094
670 1567
1379 2031
429 1669
2377 2017
1022 2481
1578 1069
1638 639
225 757
538 262
598 32
2734 2085
353 222
129 1019
782 366
2294 459
1679 165
402 1482
2142 1223
1077 249
553 2949
73 1031
1947 1242
768 2038
1494 1519
887 2964
2057 875
1016 137
2054 2039
967 2657
495 2576
2829 2372
1214 2074
84 650
701 1657
49 1856
542 2556
199 1454
209 2728
659 2548
629 1021
2834 1642
749 1998
140 2814
897 2022
3 2561
576 2400
2310 2746
1675 1944
2160 1671
2927 1488
2777 1224
2227 2130
1254 1618
1083 489
605 1341
888 2220
534 1919
885 2065
1426 2308
1826 275
573 88
2283 2634
968 716
2743 1377
2572 2717
1931 2873
2162 658
773 2687
1957 1751
235 797
1238 808
202 2073
1090 8
814 1809
1122 329
345 2131
567 1385
1445 489
150 2820
2176 1766
2299 2148
390 1476
2759 1982
911 349
2756 2371
2340 2485
2790 2840
693 2518
1950 665
2382 1185
1016 2232
2256 1373
1707 2163
1675 479
2933 1234
1098 1087
2550 2136
301 364
1446 1805
921 219
2766 39
1569 2088
564 116
2384 240
2482 1588
2125 2513
1192 116
275 687
2820 2352
1374 1613
2685 641
2647 147
1210 2871
2800 97
2138 388
2789 2303
1299 2122
746 1402
1136 445
1257 678
1541 1294
1207 1356
1076 1495
2466 2673
2689 309
2007 2107
334 2000
2099 1145
1618 855
1055 1369
419 408
396 1094
2369 2241
257 2701
510 796
1413 2061
1713 408
876 2747
1114 472
509 1720
8 1327
1285 723
1285 2730
487 2511
1115 1737
2993 458
681 1218
2947 2174
2054 181
250 1018
682 2996
854 906
2782 996
1420 2239
532 68
1501 1063
549 1686
2355 1993
1647 580
525 1825
2665 2178
707 1128
1529 1340
245 1761
2196 2131
2361 2808
1481 2904
1030 1896
2931 1015
1057 1541
222 139
516 1890
531 852
1488 110
522 686
2615 2520
1398 882
504 376
1341 1780
1843 262
943 2329
2532 2709
1144 796
1891 1026
822 1994
2906 1129
152 1491
2586 2491
1906 1525
959 2092
1356 229
2885 542
20 1901
1307 734
1231 2296
1206 2172
1214 89
446 2902
1046 2351
2997 2299
2285 723
656 939
2248 484
2394 1263
2754 1677
1753 2222
2353 1536
1450 2852
2385 430
860 1664
475 1156
2259 709
1681 1869
832 1151
2332 803
1179 276
588 149
2428 798
683 1805
203 2304
274 2137
1219 2495
2960 324
17 729
515 1041
2338 1779
2106 2351
1210 489
1305 904
609 1449
1760 1564
1415 2451
1190 138
1070 453
1222 501
2007 216
2215 1015
928 1709
2308 1588
71 245
149 2003
142 836
1512 1692
2100 133
931 1216
2951 2872
167 2072
1396 486
839 1705
2853 2637
287 2944
1655 579
99 1464
731 2922
451 2944
2964 160
605 332
1580 2322
1948 671
527 1612
2696 1205
1537 395
855 2955
1165 939
1212 2903
280 1959
332 1909
1847 1370
440 2887
428 1312
1668 1323
2176 1591
287 1440
2751 1631
391 1153
2651 1510
2357 409
26 1331
2151 1140
2012 2912
740 258
2188 864
2128 2940
1774 1588
1815 2090
918 267
556 1120
1412 2803
179 2807
226 2556
2318 1063
561 2795
